1.09362
1.09593
1.09877
1.10209
1.10582
1.10989
1.11418
1.11859
1.12299
1.12724
1.13123
1.13482
1.13792
1.14045
1.14233
1.14355
1.14409
1.144
1.14335
1.14222
1.14076
1.13909
1.1374
1.13583
1.13455
1.13369
1.13339
1.13371
1.13473
1.13646
1.13887
1.14192
1.14552
1.14954
1.15387
1.15834
1.16279
1.16706
1.17097
1.17438
1.17715
1.17918
1.18037
1.1807
1.18016
1.1788
1.17671
1.17403
1.17091
1.16757
1.16422
1.16107
1.15834
1.15621
1.15483
1.15431
1.15472
1.15608
1.15835
1.16145
1.16526
1.16964
1.17439
1.17932
1.1842
1.18883
1.19299
1.19647
1.19909
1.20071
1.20122
1.20057
1.19875
1.19583
1.19193
1.18724
1.18199
1.17648
1.171
1.16585
1.16133
1.15769
1.15513
1.15381
1.15379
1.15508
1.15764
1.16134
1.16602
1.17146
1.17742
1.18362
1.18978
1.19561
1.2008
1.2051
1.20825
1.21004
1.21032
1.209
1.20607
1.20161
1.19581
1.18892
1.1813
1.17335
1.16553
1.15827
1.15199
1.14706
1.14376
1.14228
1.1427
1.14502
1.14912
1.15484
1.1619
1.17001
1.17879
1.18787
1.1968
1.20516
1.21251
1.2184
1.22243
1.22423
1.2235
1.22005
1.2138
1.20487
1.19353
1.18027
1.16577
1.15082
1.13634
1.12324
1.11236
1.10441
1.09994
1.09927
1.10258
1.10986
1.12095
1.1356
1.1535
1.17425
1.19744
1.22262
1.24935
1.27716
1.30558
1.3341
1.36222
1.38941
1.41514
1.4388
1.4598
1.47752
1.4913
1.50051
1.50459
1.50306
1.49563
1.48232
1.4635
1.44003
1.41321
1.38476
1.3566
1.33064
1.30858
1.2917
1.28081
1.27629
1.27813
1.28605
1.29961
1.31826
1.34142
1.36848
1.39889
1.43211
1.46764
1.50502
1.54382
1.58364
1.62413
1.66494
1.70573
1.74621
1.78608
1.82507
1.86289
1.8993
1.93407
1.96697
1.99781
2.02645
2.05275
2.07666
2.09817
2.11736
2.13435
2.14938
2.16274
2.1748
2.18598
2.19671
2.20744
2.21861
2.23059
2.2437
2.25816
2.27415
2.29173
2.31089
2.33155
2.35359
2.37681
2.401
2.4259
2.45122
2.47669
2.50199
2.52684
2.55092
2.57397
2.5957
2.61588
2.63432
2.65088
2.66547
2.6781
2.68885
2.69791
2.70557
2.71217
2.71818
2.72405
2.73031
2.73741
2.74581
2.75585
2.7678
2.78185
2.79805
2.81638
2.83674
2.85894
2.88274
2.90784
2.93389
2.96052
2.98733
3.01386
3.03967
3.06426
3.08715
3.10783
3.12582
3.14066
3.15195
3.15941
3.16289
3.16246
3.15846
3.1515
3.14247
3.13251
3.1229
3.11495
3.10983
3.10851
3.11168
3.11972
3.1327
3.15045
3.17258
3.1985
3.22747
3.25851
3.2904
3.32149
3.34944
3.37067
3.37919
3.3641
3.30346
3.15023
2.81855
2.31017
1.9068
1.71113
1.63732
1.62522
1.64664
1.68809
1.74253
1.80598
1.87606
1.95125
2.03052
2.11318
2.19873
2.2868
2.37712
2.46947
2.56367
2.65961
2.75714
2.85618
2.95661
3.05835
3.16129
3.26531
3.37032
3.47616
3.5827
3.68976
3.79715
3.90468
4.0121
4.11917
4.22562
4.33116
4.4355
4.53833
4.63933
4.73819
4.83459
4.92824
5.01882
5.10607
5.18972
5.26953
5.3453
5.41685
5.48407
5.54688
5.60527
5.65932
5.70917
5.75507
5.79734
5.83639
5.87271
5.90682
5.93927
5.97061
6.00135
6.03195
6.06279
6.09414
6.12622
6.15913
6.1929
6.22751
6.26285
6.29879
6.33516
6.37177
6.40839
6.44481
6.48081
6.51617
6.55066
6.5841
6.6163
6.64709
6.67636
6.704
6.72996
6.75424
6.77687
6.79797
6.81767
6.83619
6.85376
6.87068
6.88724
6.90375
6.92051
6.93779
6.95583
6.97482
6.99489
7.01613
7.03856
7.06216
7.08685
7.11252
7.13901
7.16614
7.19369
7.22142
7.24908
7.27639
7.30306
7.32877
7.35323
7.37611
7.39708
7.41584
7.43208
7.44555
7.45602
7.46335
7.46748
7.46846
7.4665
7.46194
7.45527
7.44713
7.43823
7.42937
7.42131
7.41476
7.41033
7.40848
7.40953
7.41364
7.42084
7.43107
7.44414
7.45983
7.47785
7.49791
7.51967
7.5428
7.56695
7.59181
7.61702
7.64227
7.66724
7.69161
7.71508
7.73736
7.75818
7.77728
7.79443
7.80944
7.82217
7.83253
7.84051
7.84617
7.84967
7.85127
7.8513
7.8502
7.84845
7.84656
7.84506
7.84444
7.84516
7.84756
7.85194
7.85847
7.86726
7.87832
7.89158
7.90695
7.92426
7.94333
7.96394
7.98586
8.00886
8.03269
8.05711
8.08188
8.10676
8.13152
8.15594
8.1798
8.20289
8.22502
8.246
8.26569
8.28393
8.30061
8.31565
8.329
8.34063
8.35059
8.35895
8.36582
8.37136
8.37577
8.37926
8.38209
8.38449
8.38671
8.38895
8.39142
8.39425
8.39755
8.40136
8.4057
8.4105
8.41568
8.42109
8.42657
8.43191
8.43688
8.44124
8.44475
8.44714
8.44817
8.44761
8.44529
8.44105
8.43482
8.42658
8.41644
8.40456
8.39123
8.37684
8.36185
8.34676
8.33212
8.31845
8.30624
8.29589
8.28773
8.28199
8.27879
8.27818
8.28011
8.28448
8.29111
8.29982
8.31038
8.32255
8.33606
8.35067
8.3661
8.38209
8.39841
8.41479
8.431
8.4468
8.46198
8.47632
8.48964
8.50177
8.51254
8.52184
8.52956
8.53565
8.54008
8.54288
8.54411
8.54389
8.54236
8.53973
8.53622
8.53209
8.5276
8.52301
8.51857
8.51451
8.51102
8.50824
8.50629
8.50524
8.5051
8.50586
8.50748
8.50988
8.51296
8.5166
8.5207
8.52511
8.52971
8.53438
8.539
8.54346
8.54768
8.55158
8.5551
8.55821
8.56089
8.56315
8.56501
8.56651
8.5677
8.56866
8.56947
8.57019
8.57093
8.57175
8.57272
8.57391
8.57537
8.57713
8.57921
8.58161
8.58431
8.58731
8.59055
8.59399
8.59757
8.60124
8.60493
8.60858
8.61213
8.61551
8.61869
8.62161
8.62424
8.62657
8.62857
8.63027
8.63166
8.63277
8.63364
8.63431
8.63482
8.63523
8.63559
8.63594
8.63634
8.63683
8.63744
8.6382
8.63913
8.64023
8.64149
8.64292
8.64449
8.64618
8.64795
8.64978
8.65164
8.65348
8.65528
8.65701
8.65865
8.66019
8.66163
8.66295
8.66418
8.66532
8.66641
8.66747
8.66853
8.66965
8.67085
8.67217
8.67365
8.67532
8.67721
8.67934
8.68171
8.68434
8.68721
8.69032
8.69364
8.69715
8.70082
8.70461
8.70849
8.71243
8.71638
8.72031
8.72421
8.72806
8.73184
8.73556
8.73923
8.74287
8.74652
8.75021
8.75399
8.75793
8.76209
8.76654
8.77135
8.77659
8.78231
8.78858
8.79544
8.80294
8.8111
8.81995
8.82948
8.8397
8.85057
8.86208
8.87417
8.88681
8.89994
8.91348
8.92738
8.94155
8.95593
8.97042
8.98497
8.99949
9.01391
9.02815
9.04216
9.05588
9.06925
9.08224
9.09481
9.10694
9.11862
9.12986
9.14066
9.15104
9.16104
9.1707
9.18007
9.1892
9.19814
9.20696
9.21572
9.22446
9.23323
9.24208
9.25102
9.26008
9.26926
9.27856
9.28795
9.29739
9.30685
9.31625
9.32553
9.33462
9.34342
9.35183
9.35977
9.36713
9.37382
9.37974
9.3848
9.38894
9.39208
9.39418
9.39523
9.39523
9.3942
9.39222
9.38936
9.38575
9.38155
9.37691
9.37202
9.3671
9.36233
9.35791
9.35404
9.35087
9.34854
9.34718
9.34687
9.34766
9.34958
9.35264
9.35679
9.36201
9.36823
9.37537
9.38334
9.39206
9.40143
9.41134
9.42171
9.43244
9.44344
9.45463
9.46593
9.47729
9.48864
9.49994
9.51116
9.52228
9.53328
9.54418
9.55497
9.56568
9.57633
9.58697
9.59763
9.60835
9.61918
9.63016
9.64134
9.65276
9.66444
9.67643
9.68873
9.70136
9.71434
9.72766
9.74131
9.75528
9.76955
9.78409
9.79887
9.81385
9.82901
9.8443
9.85969
9.87513
9.89059
9.90604
9.92145
9.93678
9.95202
9.96715
9.98215
9.99702
10.0118
10.0263
10.0408
10.0551
10.0694
10.0835
10.0976
10.1116
10.1255
10.1394
10.1533
10.1671
10.181
10.1948
10.2086
10.2223
10.236
10.2496
10.263
10.2763
10.2894
10.3022
10.3147
10.3269
10.3386
10.3499
10.3606
10.3707
10.3802
10.3891
10.3972
10.4045
10.4112
10.4171
10.4222
10.4267
10.4305
10.4337
10.4363
10.4386
10.4405
10.4422
10.4438
10.4454
10.4472
10.4492
10.4515
10.4543
10.4576
10.4614
10.4659
10.4711
10.477
10.4835
10.4907
10.4985
10.5069
10.5159
10.5254
10.5353
10.5456
10.5561
10.5668
10.5776
10.5885
10.5993
10.61
10.6205
10.6307
10.6405
10.6499
10.6588
10.6672
10.675
10.6821
10.6885
10.6943
10.6994
10.7038
10.7076
10.7107
10.7132
10.7152
10.7168
10.718
10.7189
10.7197
10.7204
10.7211
10.7219
10.723
10.7244
10.7262
10.7284
10.7312
10.7345
10.7384
10.7428
10.7478
10.7534
10.7595
10.766
10.7729
10.7801
10.7876
10.7952
10.8029
10.8106
10.8182
10.8256
10.8327
10.8395
10.846
10.852
10.8575
10.8625
10.8671
10.8713
10.8751
10.8785
10.8818
10.885
10.8882
10.8916
10.8953
10.8994
10.9041
10.9095
10.9158
10.9229
10.9309
10.94
10.95
10.961
10.9728
10.9855
10.9989
11.0129
11.0273
11.0419
11.0565
11.0709
11.0849
11.0981
11.1102
11.1208
11.1297
11.1364
11.1405
11.1416
11.1392
11.133
11.1226
11.1078
11.0884
11.0646
11.0368
11.0055
10.9718
10.9367
10.9017
10.8679
10.8368
10.8092
10.786
10.7676
10.7542
10.7458
10.7422
10.7431
10.7481
10.7568
10.7687
10.7835
10.8007
10.82
10.841
10.8633
10.8867
10.9109
10.9356
10.9605
10.9854
11.0101
11.0343
11.0579
