1.15708
1.17049
1.18322
1.19474
1.20458
1.2123
1.21752
1.21996
1.21943
1.2159
1.2095
1.20052
1.18946
1.17695
1.16376
1.15068
1.13853
1.128
1.11966
1.11393
1.11102
1.111
1.11375
1.11907
1.12662
1.13604
1.14687
1.15867
1.17094
1.18321
1.19502
1.20589
1.2154
1.22318
1.2289
1.23232
1.23329
1.23177
1.22789
1.22189
1.21416
1.20522
1.19569
1.18621
1.17745
1.16999
1.16433
1.16084
1.15975
1.16113
1.16496
1.17109
1.17928
1.18924
1.20063
1.21307
1.22619
1.2396
1.25292
1.26582
1.27796
1.28908
1.29897
1.30749
1.31457
1.32025
1.32468
1.32808
1.33079
1.33322
1.33585
1.33916
1.34365
1.34975
1.35787
1.36832
1.3813
1.39696
1.41534
1.43641
1.46008
1.48622
1.51466
1.54519
1.5776
1.61168
1.64718
1.6839
1.72159
1.76006
1.7991
1.8385
1.87808
1.91767
1.9571
1.99624
2.03493
2.07307
2.11056
2.14732
2.18329
2.21844
2.25275
2.28625
2.31897
2.35099
2.38238
2.41326
2.44376
2.47402
2.50418
2.5344
2.56482
2.59557
2.62678
2.65854
2.69094
2.72402
2.75782
2.79233
2.82754
2.86339
2.8998
2.93669
2.97392
3.01138
3.0489
3.08631
3.12341
3.16001
3.19587
3.23076
3.26442
3.29657
3.32691
3.35514
3.38093
3.40392
3.42377
3.44012
3.45262
3.46093
3.46475
3.46384
3.45805
3.44731
3.43171
3.41148
3.38698
3.35875
3.32741
3.29364
3.25814
3.22155
3.18445
3.1473
3.11046
3.07423
3.03885
3.00456
2.97163
2.94037
2.91116
2.88441
2.86056
2.84007
2.82332
2.81066
2.80232
2.79845
2.7991
2.80421
2.81366
2.82726
2.84478
2.86595
2.89048
2.91809
2.94847
2.98135
3.01643
3.05346
3.09216
3.1323
3.17363
3.21594
3.25902
3.30266
3.34666
3.39085
3.43504
3.47907
3.52277
3.56598
3.60857
3.65038
3.69128
3.73115
3.76988
3.80737
3.84354
3.87833
3.91168
3.94358
3.97403
4.00306
4.03072
4.05711
4.08233
4.10652
4.12983
4.15242
4.17447
4.19617
4.21767
4.23914
4.26071
4.28251
4.30462
4.32711
4.35002
4.37335
4.39708
4.42118
4.44559
4.47024
4.49504
4.51989
4.54471
4.5694
4.59385
4.61799
4.64173
4.66502
4.68779
4.71002
4.73168
4.75278
4.77334
4.7934
4.813
4.83221
4.85112
4.86981
4.88835
4.90684
4.92536
4.94397
4.96274
4.98172
5.00094
5.02043
5.04018
5.0602
5.08047
5.10099
5.12173
5.14267
5.16381
5.18514
5.20667
5.22843
5.25046
5.27283
5.2956
5.31887
5.34276
5.36739
5.39289
5.4194
5.44706
5.476
5.50636
5.53823
5.57174
5.60696
5.64398
5.68286
5.72364
5.76637
5.81108
5.8578
5.90656
5.9574
6.01037
6.06552
6.12292
6.18265
6.24481
6.30951
6.37685
6.44693
6.51981
6.59554
6.67409
6.75536
6.83918
6.9253
7.01341
7.10315
7.19413
7.286
7.37842
7.47111
7.56387
7.65654
7.74907
7.84142
7.93364
8.02579
8.11797
8.21031
8.30295
8.39605
8.4898
8.58441
8.6801
8.77716
8.87592
8.97676
9.08018
9.1868
9.2974
9.41302
9.53502
9.66525
9.80615
9.96107
10.1344
10.3315
10.5582
10.8183
11.1085
11.4147
11.7149
11.9898
12.2311
12.4397
12.6208
12.7803
12.9229
13.0526
13.172
13.2834
13.3883
13.4878
13.5827
13.6737
13.7613
13.8459
13.9276
14.0068
14.0836
14.1581
14.2304
14.3005
14.3685
14.4345
14.4984
14.5603
14.6201
14.6779
14.7336
14.7874
14.8391
14.8889
14.9367
14.9827
15.0269
15.0694
15.1103
15.1498
15.1878
15.2247
15.2605
15.2954
15.3296
15.3631
15.3963
15.4291
15.4617
15.4942
15.5267
15.5592
15.5917
15.6243
15.6569
15.6895
15.7222
15.7547
15.7872
15.8194
15.8513
15.8828
15.9139
15.9444
15.9743
16.0034
16.0319
16.0594
16.0861
16.1118
16.1366
16.1604
16.1832
16.205
16.2258
16.2456
16.2644
16.2824
16.2994
16.3154
16.3306
16.3449
16.3583
16.3707
16.3822
16.3926
16.4019
16.4101
16.417
16.4226
16.4269
16.4298
16.4312
16.4312
16.4299
16.4274
16.4239
16.4195
16.4146
16.4095
16.4045
16.4001
16.3964
16.394
16.393
16.3937
16.3964
16.401
16.4078
16.4167
16.4276
16.4405
16.4552
16.4717
16.4897
16.5091
16.5297
16.5514
16.5739
16.597
16.6206
16.6446
16.6688
16.6931
16.7172
16.7413
16.765
16.7884
16.8115
16.8341
16.8563
16.878
16.8993
16.9202
16.9407
16.961
16.9809
17.0007
17.0204
17.0399
17.0595
17.079
17.0986
17.1182
17.1379
17.1576
17.1773
17.197
17.2165
17.2358
17.2549
17.2736
17.2919
17.3096
17.3268
17.3432
17.3589
17.3738
17.3879
17.4011
17.4136
17.4254
17.4365
17.4471
17.4574
17.4674
17.4774
17.4875
17.498
17.5089
17.5204
17.5327
17.5457
17.5596
17.5744
17.59
17.6062
17.6231
17.6404
17.6579
17.6754
17.6926
17.7091
17.7245
17.7384
17.7503
17.7595
17.7655
17.7675
17.7646
17.7559
17.7405
17.7173
17.6855
17.6445
17.5939
17.5342
17.4669
17.3941
17.3188
17.2444
17.1739
17.1096
17.0528
17.0041
16.9632
16.9295
16.9021
16.8802
16.8628
16.8491
16.8384
16.83
16.8235
16.8185
16.8147
16.8119
16.81
16.809
16.8089
16.8098
16.8116
16.8146
16.8187
16.8242
16.831
16.8392
16.8488
16.8598
16.8723
16.886
16.901
16.9172
16.9344
16.9525
16.9714
16.9911
17.0112
17.0319
17.0528
17.074
17.0953
17.1166
17.1379
17.1592
17.1804
17.2015
17.2225
17.2434
17.2643
17.2852
17.3062
17.3272
17.3485
17.3701
17.392
17.4144
17.4372
17.4605
17.4844
17.5088
17.5339
17.5595
17.5857
17.6124
17.6396
17.6672
17.6952
17.7234
17.7518
17.7802
17.8087
17.8369
17.865
17.8927
17.9199
17.9466
17.9726
17.9978
18.0222
18.0457
18.0683
18.0899
18.1105
18.1301
18.1488
18.1666
18.1836
18.1999
18.2156
18.2308
18.2458
18.2607
18.2756
18.2907
18.3062
18.3221
18.3386
18.3558
18.3738
18.3925
18.412
18.4324
18.4535
18.4754
18.4979
18.521
18.5447
18.5688
18.5932
18.6179
18.6427
18.6676
18.6924
18.717
18.7414
18.7655
18.7891
18.8123
18.835
18.8571
18.8785
18.8993
18.9195
18.939
18.9579
18.9761
18.9937
19.0108
19.0273
19.0435
19.0592
19.0745
19.0896
19.1044
19.1191
19.1336
19.1481
19.1624
19.1768
19.1911
19.2055
19.2199
19.2342
19.2486
19.263
19.2774
19.2918
19.3061
19.3204
19.3347
19.3489
19.363
19.3771
19.391
19.4049
19.4186
19.4323
19.4458
19.4592
19.4725
19.4855
19.4984
19.5111
19.5236
19.5358
19.5477
19.5592
19.5705
19.5813
19.5917
19.6017
19.6113
19.6204
19.629
19.6372
19.645
19.6525
19.6596
19.6665
19.6732
19.6798
19.6865
19.6932
19.7002
19.7074
19.715
19.723
19.7315
19.7406
19.7501
19.7602
19.7708
19.7818
19.7931
19.8047
19.8165
19.8283
19.84
19.8513
19.8623
19.8726
19.8822
19.8907
19.8982
19.9043
19.9091
19.9124
19.914
19.9141
19.9125
19.9095
19.9051
19.8995
19.893
19.8859
19.8785
19.8712
19.8643
19.8581
19.8529
19.8489
19.8463
19.8453
19.8459
19.8481
19.8518
19.857
19.8635
19.8713
19.88
19.8896
19.8998
19.9105
19.9215
19.9326
19.9437
19.9545
19.965
19.9752
19.9848
19.9938
20.0023
20.0102
20.0176
20.0246
20.0312
20.0375
20.0436
20.0498
20.0561
20.0627
20.0696
20.0771
20.0851
20.0938
20.1031
20.1132
20.1239
20.1353
20.1473
20.1597
20.1727
20.1859
20.1994
20.213
20.2265
20.24
20.2533
20.2663
20.2789
20.2911
20.3028
20.314
20.3247
20.3349
20.3447
20.3541
20.3632
20.372
20.3808
20.3896
20.3986
20.4078
20.4175
20.4276
20.4383
20.4496
20.4616
20.4744
20.4879
20.5021
20.517
20.5327
20.5489
20.5657
20.583
20.6007
20.6188
20.6371
20.6557
20.6743
20.693
20.7117
20.7304
20.7489
20.7674
20.7856
20.8037
20.8217
20.8395
20.8571
20.8745
20.8919
20.9091
20.9263
20.9435
20.9606
20.9777
20.9948
21.0118
21.0289
21.046
21.063
21.0799
21.0967
21.1134
21.1299
21.1461
21.162
21.1775
21.1926
21.2073
21.2216
21.2354
21.2487
21.2616
21.274
21.2862
21.298
21.3097
21.3212
21.3329
21.3447
21.3568
21.3693
21.3823
21.3959
21.4103
21.4255
21.4414
21.4582
21.4759
21.4943
21.5134
21.5332
21.5535
21.5742
21.595
21.616
21.6367
21.6571
21.6768
21.6957
21.7133
21.7294
21.7438
21.756
21.7657
21.7726
21.7765
21.7769
21.7738
21.7669
21.7564
21.7424
21.7252
21.7053
21.6835
21.6606
21.6375
21.6151
21.5944
21.576
21.5605
21.5483
21.5395
21.5343
21.5324
21.5337
21.5379
21.5446
21.5537
21.5646
21.577
21.5907
21.6051
21.6202
21.6355
21.6508
21.6658
21.6803
21.6942
21.7072
21.7193
21.7302
21.7401
21.7488
21.7563
21.7628
21.7683
21.773
21.7769
21.7803
21.7834
21.7864
21.7894
21.7926
21.7961
21.8001
21.8047
21.8098
21.8156
21.8219
21.8288
21.8362
21.8441
21.8522
21.8605
21.8689
21.8773
21.8855
21.8936
21.9013
21.9087
21.9156
21.922
21.928
21.9335
21.9385
21.9431
21.9473
21.9512
21.9549
21.9584
21.9617
21.9651
21.9684
21.9718
21.9753
21.9788
21.9824
21.9861
21.9898
21.9935
21.9972
22.0008
22.0043
22.0076
22.0107
22.0137
22.0165
22.0192
22.0217
22.0242
22.0268
22.0296
22.0326
