1.25508
1.22449
1.19253
1.16148
1.13348
1.1103
1.09314
1.08259
1.07873
1.08125
1.08953
1.10283
1.1203
1.14105
1.16422
1.18892
1.21427
1.23939
1.26341
1.2854
1.30444
1.31955
1.32978
1.33419
1.33196
1.3225
1.30557
1.2815
1.25132
1.2168
1.18033
1.14461
1.11224
1.08535
1.06536
1.05295
1.04817
1.05059
1.05949
1.07397
1.09308
1.11583
1.14126
1.16842
1.19637
1.22418
1.25089
1.27553
1.29709
1.31449
1.32665
1.33246
1.33092
1.3212
1.3029
1.27623
1.24228
1.20307
1.16145
1.12071
1.08401
1.05387
1.0319
1.01877
1.0144
1.01819
1.0292
1.04639
1.06865
1.09489
1.12408
1.1552
1.18728
1.21934
1.2504
1.27945
1.30543
1.32718
1.34352
1.35319
1.35499
1.34785
1.33108
1.30468
1.2696
1.228
1.18312
1.13888
1.09912
1.06691
1.04418
1.03172
1.02936
1.03636
1.05164
1.07399
1.10221
1.13513
1.17167
1.2108
1.25154
1.29294
1.33402
1.37376
1.41108
1.44473
1.47333
1.49528
1.50874
1.51172
1.50218
1.47839
1.43959
1.38677
1.32346
1.25576
1.19105
1.13611
1.09549
1.07109
1.06272
1.06899
1.08802
1.11789
1.15682
1.20331
1.25609
1.31412
1.37653
1.44264
1.51186
1.58373
1.65786
1.73391
1.8116
1.89071
1.97104
2.0524
2.13464
2.21764
2.30127
2.38543
2.47
2.55491
2.64005
2.72535
2.81072
2.89606
2.9813
3.06631
3.151
3.23523
3.31881
3.40154
3.48312
3.5631
3.64079
3.71505
3.78371
3.84216
3.87829
3.84734
3.4006
1.71652
1.47206
1.46381
1.5031
1.55896
1.62204
1.68855
1.75662
1.82518
1.89358
1.96136
2.02817
2.09376
2.15788
2.22036
2.281
2.33967
2.39622
2.45055
2.50257
2.55222
2.59948
2.64437
2.68697
2.7274
2.76581
2.80246
2.8376
2.87155
2.90465
2.93727
2.96975
3.00242
3.03559
3.0695
3.10436
3.14031
3.17743
3.21574
3.25523
3.29583
3.33742
3.37987
3.42301
3.46665
3.51059
3.55461
3.5985
3.64202
3.68496
3.7271
3.76822
3.80813
3.84666
3.88365
3.919
3.95264
3.98456
4.01478
4.04343
4.07066
4.09673
4.12192
4.14658
4.17107
4.19577
4.22104
4.24723
4.27462
4.30344
4.33384
4.36591
4.39967
4.43506
4.472
4.5103
4.54977
4.59016
4.63118
4.67253
4.71386
4.7548
4.79497
4.83394
4.87129
4.90656
4.9393
4.96906
4.99541
5.01799
5.03653
5.05088
5.0611
5.06748
5.07059
5.07123
5.07049
5.06956
5.06971
5.0721
5.07774
5.08736
5.10144
5.12019
5.14361
5.1715
5.20356
5.2394
5.27859
5.32069
5.36524
5.4118
5.45993
5.50924
5.55934
5.60985
5.66044
5.71079
5.76059
5.80957
5.85749
5.90411
5.94927
5.9928
6.03461
6.07464
6.11288
6.14938
6.18425
6.21764
6.24975
6.28082
6.3111
6.34086
6.37035
6.39981
6.42942
6.45935
6.48969
6.52048
6.55171
6.58333
6.61522
6.64725
6.67926
6.71104
6.7424
6.77314
6.80304
6.83193
6.85964
6.88603
6.91101
6.93452
6.95657
6.97722
6.99658
7.0148
7.03212
7.04877
7.06502
7.08114
7.09739
7.11401
7.13119
7.14907
7.16775
7.18725
7.20755
7.22859
7.25024
7.27236
7.29476
7.31723
7.33957
7.36156
7.38298
7.40364
7.42335
7.44196
7.45935
7.47547
7.49028
7.50383
7.51621
7.52756
7.53809
7.54803
7.55765
7.5672
7.57698
7.5872
7.59809
7.6098
7.62244
7.63604
7.65061
7.66608
7.68232
7.69921
7.71654
7.7341
7.75169
7.76905
7.78597
7.80222
7.81761
7.83197
7.84516
7.85711
7.86779
7.87723
7.88555
7.8929
7.89951
7.90565
7.91164
7.91778
7.9244
7.93179
7.94018
7.94976
7.96066
7.97294
7.98658
8.00152
8.01761
8.03469
8.05253
8.07088
8.08948
8.10803
8.12625
8.14385
8.16055
8.17611
8.19031
8.20299
8.21405
8.22348
8.23133
8.23779
8.2431
8.24764
8.25181
8.25612
8.26106
8.26713
8.27477
8.28438
8.29625
8.31058
8.3275
8.34701
8.36906
8.39352
8.42022
8.44894
8.47941
8.51136
8.54448
8.57847
8.61301
8.64776
8.68237
8.71652
8.74983
8.78195
8.81253
8.84122
8.86766
8.89154
8.91259
8.93057
8.94535
8.95689
8.96532
8.97088
8.97402
8.97534
8.97557
8.97556
8.97617
8.97824
8.98253
8.98963
9
9.0139
9.03146
9.05268
9.07742
9.10548
9.13663
9.17055
9.20695
9.24549
9.28587
9.32777
9.37087
9.41487
9.45947
9.50439
9.54934
9.59404
9.63822
9.6816
9.72391
9.7649
9.80431
9.84189
9.87742
9.91071
9.9416
9.96996
9.99577
10.019
10.0399
10.0587
10.0756
10.0911
10.1058
10.1203
10.1352
10.1513
10.169
10.189
10.2118
10.2377
10.2672
10.3004
10.3377
10.3793
10.4256
10.4772
10.5347
10.5997
10.6744
10.763
10.8733
11.0219
11.2468
11.6379
12.2981
12.9519
13.3373
13.5609
13.7106
13.8237
13.9161
13.9959
14.067
14.1319
14.192
14.2482
14.301
14.3508
14.3979
14.4425
14.4848
14.5249
14.5629
14.599
14.6334
14.6662
14.6976
14.728
14.7574
14.7861
14.8144
14.8425
14.8706
14.8988
14.9275
14.9566
14.9864
15.0168
15.048
15.0798
15.1124
15.1456
15.1795
15.2138
15.2485
15.2835
15.3187
15.3539
15.3891
15.424
15.4587
15.4928
15.5264
15.5594
15.5916
15.623
15.6535
15.6831
15.7118
15.7395
15.7664
15.7924
15.8177
15.8422
15.8662
15.8898
15.913
15.936
15.959
15.982
16.0051
16.0284
16.0521
16.076
16.1003
16.125
16.1499
16.1751
16.2005
16.2259
16.2514
16.2768
16.3019
16.3268
16.3511
16.3749
16.398
16.4203
16.4418
16.4624
16.4821
16.5008
16.5186
16.5355
16.5517
16.5672
16.5822
16.5968
16.6111
16.6255
16.6399
16.6547
16.6698
16.6854
16.7017
16.7185
16.7361
16.7542
16.7729
16.7921
16.8117
16.8315
16.8514
16.8713
16.8909
16.9102
16.9289
16.9469
16.9641
16.9803
16.9954
17.0095
17.0225
17.0343
17.0452
17.0553
17.0647
17.0737
17.0824
17.0913
17.1005
17.1103
17.1209
17.1326
17.1454
17.1596
17.1749
17.1916
17.2094
17.2283
17.248
17.2684
17.2891
17.3098
17.3303
17.35
17.3686
17.3857
17.4007
17.4131
17.4225
17.4284
17.4302
17.4277
17.4205
17.4087
17.3924
17.3721
17.3488
17.3235
17.2976
17.2726
17.2499
17.2306
17.2156
17.2054
17.2004
17.2004
17.2054
17.2148
17.2283
17.2452
17.2652
17.2877
17.3121
17.3379
17.3648
17.3921
17.4195
17.4464
17.4725
17.4974
17.5207
17.5419
17.5607
17.5769
17.5902
17.6003
17.6074
17.6114
17.6126
17.6112
17.608
17.6035
17.5985
17.5937
17.59
17.5879
17.5882
17.5911
17.5969
17.6058
17.6176
17.6323
17.6495
17.669
17.6905
17.7135
17.7376
17.7623
17.7873
17.8121
17.8361
17.8589
17.8799
17.8986
17.9146
17.9272
17.936
17.9407
17.9408
17.9362
17.927
17.9136
17.8966
17.877
17.8559
17.8349
17.8152
17.7982
17.7849
17.7761
17.7721
17.7732
17.7792
17.79
17.8052
17.8243
17.847
17.8727
17.901
17.9315
17.9638
17.9974
18.0321
18.0675
18.1033
18.1392
18.1749
18.2101
18.2446
18.2781
18.3104
18.3413
18.3706
18.3981
18.4237
18.4472
18.4686
18.4878
18.5049
18.5198
18.5327
18.5438
18.5533
18.5613
18.5682
18.5743
18.5799
18.5851
18.5903
18.5955
18.6009
18.6065
18.6123
18.6182
18.6239
18.6293
18.634
18.6377
18.64
18.6405
18.6387
18.6341
18.6263
18.6149
18.5995
18.5799
18.5561
18.5282
18.4966
18.462
18.4254
18.3877
18.3503
18.3141
18.2801
18.2492
18.2217
18.198
18.1781
18.1618
18.1488
18.1387
18.1312
18.1259
18.1222
18.1199
18.1185
18.1179
18.1177
18.1177
18.1179
18.1182
18.1185
18.119
18.1197
18.1207
18.1222
18.1245
18.1275
18.1316
18.1368
18.1433
18.1512
18.1605
18.1712
18.1834
18.197
18.2118
18.2279
18.2451
18.2633
18.2823
18.3021
18.3224
18.3432
18.3642
18.3855
18.4068
18.4281
18.4492
18.4701
18.4907
18.511
18.531
18.5506
18.5699
18.5889
18.6076
18.6262
18.6446
18.663
18.6815
18.7002
18.7192
18.7385
18.7582
18.7785
18.7994
18.8209
18.8431
18.8659
18.8894
18.9135
18.9383
18.9637
18.9895
19.0158
19.0425
19.0694
19.0964
19.1235
19.1505
19.1773
19.2038
19.2298
19.2552
19.2798
19.3035
19.3261
19.3475
19.3675
19.386
19.4028
19.4178
19.4309
19.4419
19.4508
19.4576
19.4623
19.465
19.4657
19.4648
19.4623
19.4588
19.4545
19.4499
19.4453
19.4413
19.4382
19.4364
19.4363
19.438
19.4419
19.4479
19.4562
19.4668
19.4796
19.4946
19.5117
19.5307
19.5514
19.5738
19.5977
19.6228
19.649
19.6761
19.7039
19.7323
19.7611
19.79
19.819
19.8478
19.8763
19.9043
19.9315
19.958
19.9834
20.0076
20.0305
20.052
20.0719
20.0902
20.1068
20.1217
20.135
20.1466
20.1568
20.1657
20.1735
20.1804
20.1868
20.193
20.1992
20.2057
20.2129
20.2208
20.2298
20.2398
20.2511
20.2635
20.2771
20.2918
20.3075
20.3239
20.3409
20.3583
20.3758
20.3932
20.4102
20.4266
20.4421
20.4565
20.4694
20.4808
20.4904
20.4981
20.5039
20.5077
20.5098
20.5104
20.5096
20.5079
20.5058
20.5038
20.5023
20.5018
20.5028
20.5057
20.5107
20.518
20.5276
20.5397
20.554
20.5705
20.589
20.6091
20.6306
20.6533
20.6767
20.7005
20.7243
20.7477
20.7704
20.7919
20.8117
20.8295
20.8448
