1.10614
1.09699
1.08687
1.07645
1.06641
1.05742
1.05004
1.04475
1.04187
1.04156
1.04386
1.04867
1.05578
1.06492
1.07573
1.0878
1.10071
1.11398
1.12716
1.13977
1.15134
1.16143
1.1696
1.17549
1.1788
1.17932
1.17695
1.17177
1.16398
1.15401
1.14242
1.1299
1.11724
1.10525
1.09468
1.08616
1.08019
1.07709
1.07698
1.07985
1.08555
1.09379
1.10421
1.11641
1.12991
1.14421
1.1588
1.17316
1.18675
1.19905
1.20955
1.21779
1.22334
1.22588
1.22517
1.22113
1.21389
1.20374
1.19122
1.17705
1.16213
1.14741
1.13384
1.12228
1.11345
1.10782
1.10567
1.10708
1.11194
1.11999
1.13087
1.14414
1.15928
1.17577
1.19304
1.2105
1.22757
1.24365
1.25815
1.27049
1.28013
1.28658
1.28942
1.28839
1.28339
1.27456
1.26231
1.24732
1.23055
1.21314
1.19632
1.18128
1.16906
1.16047
1.15605
1.15602
1.1604
1.16897
1.18139
1.19717
1.21578
1.23663
1.2591
1.28254
1.30627
1.32962
1.35186
1.37226
1.39005
1.40445
1.41467
1.41999
1.41976
1.41354
1.40116
1.38292
1.35961
1.33263
1.30386
1.27548
1.24972
1.22853
1.21339
1.2052
1.20436
1.21081
1.22422
1.24404
1.26964
1.30037
1.33556
1.37461
1.41693
1.462
1.50932
1.55844
1.60892
1.66037
1.71239
1.76458
1.81653
1.86783
1.91802
1.96658
2.01294
2.05642
2.09624
2.13143
2.16084
2.18305
2.19638
2.19879
2.18802
2.16173
2.11802
2.05628
1.97836
1.88942
1.79747
1.71132
1.63798
1.58119
1.54164
1.51805
1.50825
1.50988
1.52074
1.53893
1.56287
1.59125
1.62298
1.65719
1.69314
1.7302
1.76786
1.80567
1.84325
1.88028
1.91648
1.95163
1.98554
2.01808
2.04915
2.07872
2.10681
2.13347
2.15883
2.18305
2.20634
2.22896
2.25116
2.27322
2.29543
2.31806
2.34132
2.36544
2.39056
2.41681
2.44424
2.47289
2.50273
2.53372
2.56576
2.59875
2.63256
2.66703
2.70201
2.73733
2.77282
2.80831
2.84361
2.87857
2.91301
2.9468
2.97977
3.0118
3.04279
3.07264
3.10129
3.1287
3.15486
3.1798
3.20357
3.22627
3.248
3.26892
3.28919
3.30899
3.3285
3.34791
3.36738
3.38706
3.40707
3.4275
3.44842
3.46985
3.49177
3.51413
3.53686
3.55986
3.58299
3.60612
3.62907
3.65168
3.67376
3.69516
3.71568
3.73519
3.75354
3.77063
3.78637
3.80074
3.81373
3.82542
3.8359
3.84535
3.85397
3.862
3.86972
3.8774
3.88532
3.89374
3.90287
3.91289
3.92391
3.936
3.94916
3.96332
3.97839
3.99418
4.01051
4.02712
4.04373
4.06002
4.07567
4.09031
4.10358
4.1151
4.12449
4.13138
4.13545
4.13641
4.13405
4.12825
4.11902
4.10651
4.09105
4.0731
4.05328
4.03227
4.01082
3.9896
3.96922
3.95012
3.93257
3.91663
3.90217
3.88891
3.87639
3.86401
3.85108
3.8368
3.82029
3.80063
3.77687
3.74808
3.71345
3.67237
3.62457
3.57027
3.5103
3.44613
3.37974
3.3134
3.24933
3.18935
3.13473
3.08611
3.04356
3.00674
2.97504
2.9477
2.92394
2.90297
2.88409
2.86669
2.85029
2.83449
2.81906
2.80386
2.78887
2.77415
2.75987
2.7462
2.73338
2.72162
2.71111
2.702
2.69439
2.68829
2.68368
2.68046
2.6785
2.6776
2.67757
2.67819
2.67924
2.6805
2.68178
2.68292
2.68381
2.68438
2.6846
2.68453
2.68424
2.68387
2.6836
2.68363
2.68417
2.68543
2.68759
2.6908
2.69515
2.70071
2.70746
2.71534
2.72423
2.73396
2.74432
2.75507
2.76593
2.77663
2.78686
2.79637
2.80489
2.81223
2.81823
2.82284
2.82611
2.82821
2.82942
2.83018
2.83101
2.83254
2.83543
2.84034
2.84791
2.85868
2.87309
2.89147
2.91404
2.9409
2.97207
3.00752
3.04713
3.09078
3.13833
3.18963
3.24455
3.30297
3.3648
3.42999
3.49853
3.57047
3.64594
3.72513
3.80838
3.89616
3.98917
4.08839
4.19523
4.31172
4.44081
4.5868
4.75593
4.95691
5.20035
5.49441
5.83337
6.18736
6.51589
6.796
7.02741
7.21984
7.38356
7.52654
7.65442
7.77105
7.87908
7.98034
8.07611
8.16726
8.25441
8.33798
8.41824
8.49534
8.56932
8.64017
8.70778
8.77197
8.83249
8.88905
8.94125
8.98865
9.03072
9.0669
9.09658
9.11915
9.13409
9.14104
9.13992
9.1311
9.11546
9.09454
9.07036
9.0453
9.02175
9.0018
8.98699
8.97828
8.97601
8.9801
8.9901
9.00539
9.02523
9.04882
9.0754
9.10419
9.13443
9.1654
9.19637
9.22659
9.25532
9.28177
9.30511
9.32445
9.33884
9.34731
9.34886
9.34259
9.32778
9.30412
9.27187
9.23212
9.18687
9.13888
9.09135
9.04734
9.00936
8.97906
8.9572
8.94381
8.93843
8.9403
8.9485
8.96213
8.98029
9.00216
9.02701
9.05418
9.08309
9.11323
9.14414
9.17544
9.20677
9.23783
9.26838
9.29818
9.32708
9.35494
9.38169
9.40728
9.43173
9.4551
9.4775
9.49907
9.52
9.5405
9.56081
9.58117
9.60181
9.62296
9.64481
9.66753
9.69126
9.71606
9.742
9.76907
9.79724
9.82644
9.85657
9.8875
9.91907
9.95111
9.98342
10.0158
10.048
10.0798
10.1109
10.1411
10.1701
10.1977
10.2234
10.2472
10.2686
10.2874
10.3035
10.3166
10.3266
10.3336
10.3376
10.3387
10.3375
10.3343
10.3298
10.3247
10.3196
10.3154
10.3126
10.3119
10.3137
10.3182
10.3258
10.3364
10.3501
10.3666
10.3859
10.4076
10.4316
10.4575
10.4852
10.5142
10.5444
10.5755
10.6072
10.6393
10.6715
10.7035
10.7353
10.7664
10.7968
10.8261
10.8543
10.881
10.9062
10.9297
10.9512
10.9708
10.9883
11.0037
11.0168
11.0279
11.0368
11.0438
11.0491
11.0528
11.0551
11.0564
11.0569
11.0569
11.0566
11.0562
11.056
11.0559
11.0562
11.0567
11.0575
11.0584
11.0593
11.06
11.0604
11.0602
11.0593
11.0573
11.0543
11.05
11.0443
11.0372
11.0288
11.0191
11.0085
10.9971
10.9854
10.9738
10.9626
10.9523
10.9434
10.9362
10.9309
10.9279
10.9272
10.9289
10.933
10.9393
10.9479
10.9584
10.9707
10.9845
10.9996
11.0157
11.0324
11.0495
11.0667
11.0836
11.0999
11.1152
11.1291
11.1414
11.1515
11.1591
11.1637
11.1651
11.1629
11.1569
11.1467
11.1324
11.1142
11.0922
11.0672
11.0398
11.0109
10.9817
10.9532
10.9263
10.9019
10.8807
10.8631
10.8492
10.8392
10.8329
10.8301
10.8304
10.8334
10.839
10.8465
10.8557
10.8662
10.8775
10.8895
10.9018
10.9141
10.9261
10.9376
10.9483
10.9582
10.967
10.9747
10.9812
10.9864
10.9903
10.9931
10.9948
10.9956
10.9956
10.9952
10.9943
10.9935
10.9927
10.9924
10.9926
10.9935
10.9953
10.998
11.0017
11.0064
11.0121
11.0187
11.0262
11.0344
11.0433
11.0528
11.0626
11.0728
11.083
11.0934
11.1036
11.1137
11.1234
11.1327
11.1416
11.1499
11.1576
11.1646
11.171
11.1766
11.1814
11.1855
11.1887
11.1912
11.1929
11.1937
11.1938
11.193
11.1914
11.189
11.1857
11.1817
11.1768
11.1712
11.1648
11.1577
11.1501
11.142
11.1335
11.1249
11.1162
11.1078
11.0997
11.0923
11.0858
11.0802
11.0759
11.073
11.0716
11.0717
11.0735
11.077
11.0821
11.0888
11.097
11.1067
11.1178
11.1301
11.1435
11.1579
11.1731
11.1889
11.2054
11.2222
11.2393
11.2565
11.2738
11.2909
11.3079
11.3246
11.341
11.357
11.3725
11.3876
11.4022
11.4163
11.43
11.4434
11.4563
11.4691
11.4816
11.494
11.5063
11.5187
11.5312
11.5438
11.5566
11.5696
11.5828
11.5963
11.6099
11.6238
11.6377
11.6516
11.6654
11.6791
11.6925
11.7054
11.7179
11.7296
11.7406
11.7507
11.7598
11.7678
11.7747
11.7803
11.7848
11.7881
11.7903
11.7915
11.7918
11.7915
11.7907
11.7898
11.7889
11.7883
11.7883
11.7892
11.791
11.7941
11.7985
11.8044
11.8118
11.8208
11.8314
11.8435
11.857
11.872
11.8884
11.906
11.9247
11.9445
11.9652
11.9868
12.0092
12.0322
12.0558
12.08
12.1045
12.1295
12.1547
12.1802
12.2059
12.2317
12.2577
12.2836
12.3096
12.3355
12.3613
12.387
12.4124
12.4376
12.4624
12.4868
12.5106
12.5338
12.5562
12.5778
12.5983
12.6177
12.6357
12.6522
12.6669
12.6798
12.6906
12.6991
12.7052
12.7087
12.7095
12.7077
12.7031
12.6961
12.6868
12.6755
12.6628
12.6492
12.6352
12.6217
12.6091
12.598
12.589
12.5825
12.5786
12.5777
12.5798
12.5848
12.5926
12.6032
12.6162
12.6316
12.649
12.6682
12.689
12.7111
12.7343
12.7583
12.7829
12.8079
12.833
12.8581
12.883
12.9074
12.9312
12.9542
12.9763
12.9973
13.0171
13.0355
13.0525
13.0679
13.0818
13.094
13.1047
13.1137
13.1213
13.1274
13.1322
13.1359
13.1385
13.1402
13.1412
13.1417
13.1418
13.1415
13.1412
13.1407
13.1402
13.1397
13.1392
13.1387
13.1382
13.1376
13.137
13.1364
13.1357
13.1349
13.1341
13.1333
13.1326
13.1322
13.1321
13.1324
13.1334
13.1351
13.1377
13.1413
13.146
13.1519
13.1591
13.1676
13.1774
13.1885
13.2008
13.2143
13.2288
13.2442
13.2604
13.2773
13.2947
13.3124
13.3302
13.3479
13.3655
13.3826
13.3991
13.4148
13.4296
13.4433
13.4557
13.4668
13.4763
13.4844
13.4909
13.4958
13.4993
13.5013
13.5021
13.5018
13.5006
13.4989
13.4967
13.4944
13.4921
13.4902
13.4888
13.4879
13.4877
13.4883
13.4895
13.4915
13.494
13.497
13.5004
13.5041
13.5078
