2e+011
2.04805e+011
2.0961e+011
2.14414e+011
2.19219e+011
2.24024e+011
2.28829e+011
2.33634e+011
2.38438e+011
2.43243e+011
2.48048e+011
2.52853e+011
2.57658e+011
2.62462e+011
2.67267e+011
2.72072e+011
2.76877e+011
2.81682e+011
2.86486e+011
2.91291e+011
2.96096e+011
3.00901e+011
3.05706e+011
3.10511e+011
3.15315e+011
3.2012e+011
3.24925e+011
3.2973e+011
3.34535e+011
3.39339e+011
3.44144e+011
3.48949e+011
3.53754e+011
3.58559e+011
3.63363e+011
3.68168e+011
3.72973e+011
3.77778e+011
3.82583e+011
3.87387e+011
3.92192e+011
3.96997e+011
4.01802e+011
4.06607e+011
4.11411e+011
4.16216e+011
4.21021e+011
4.25826e+011
4.30631e+011
4.35435e+011
4.4024e+011
4.45045e+011
4.4985e+011
4.54655e+011
4.59459e+011
4.64264e+011
4.69069e+011
4.73874e+011
4.78679e+011
4.83483e+011
4.88288e+011
4.93093e+011
4.97898e+011
5.02703e+011
5.07508e+011
5.12312e+011
5.17117e+011
5.21922e+011
5.26727e+011
5.31532e+011
5.36336e+011
5.41141e+011
5.45946e+011
5.50751e+011
5.55556e+011
5.6036e+011
5.65165e+011
5.6997e+011
5.74775e+011
5.7958e+011
5.84384e+011
5.89189e+011
5.93994e+011
5.98799e+011
6.03604e+011
6.08408e+011
6.13213e+011
6.18018e+011
6.22823e+011
6.27628e+011
6.32432e+011
6.37237e+011
6.42042e+011
6.46847e+011
6.51652e+011
6.56456e+011
6.61261e+011
6.66066e+011
6.70871e+011
6.75676e+011
6.8048e+011
6.85285e+011
6.9009e+011
6.94895e+011
6.997e+011
7.04505e+011
7.09309e+011
7.14114e+011
7.18919e+011
7.23724e+011
7.28529e+011
7.33333e+011
7.38138e+011
7.42943e+011
7.47748e+011
7.52553e+011
7.57357e+011
7.62162e+011
7.66967e+011
7.71772e+011
7.76577e+011
7.81381e+011
7.86186e+011
7.90991e+011
7.95796e+011
8.00601e+011
8.05405e+011
8.1021e+011
8.15015e+011
8.1982e+011
8.24625e+011
8.29429e+011
8.34234e+011
8.39039e+011
8.43844e+011
8.48649e+011
8.53453e+011
8.58258e+011
8.63063e+011
8.67868e+011
8.72673e+011
8.77477e+011
8.82282e+011
8.87087e+011
8.91892e+011
8.96697e+011
9.01502e+011
9.06306e+011
9.11111e+011
9.15916e+011
9.20721e+011
9.25526e+011
9.3033e+011
9.35135e+011
9.3994e+011
9.44745e+011
9.4955e+011
9.54354e+011
9.59159e+011
9.63964e+011
9.68769e+011
9.73574e+011
9.78378e+011
9.83183e+011
9.87988e+011
9.92793e+011
9.97598e+011
1.0024e+012
1.00721e+012
1.01201e+012
1.01682e+012
1.02162e+012
1.02643e+012
1.03123e+012
1.03604e+012
1.04084e+012
1.04565e+012
1.05045e+012
1.05526e+012
1.06006e+012
1.06486e+012
1.06967e+012
1.07447e+012
1.07928e+012
1.08408e+012
1.08889e+012
1.09369e+012
1.0985e+012
1.1033e+012
1.10811e+012
1.11291e+012
1.11772e+012
1.12252e+012
1.12733e+012
1.13213e+012
1.13694e+012
1.14174e+012
1.14655e+012
1.15135e+012
1.15616e+012
1.16096e+012
1.16577e+012
1.17057e+012
1.17538e+012
1.18018e+012
1.18498e+012
1.18979e+012
1.19459e+012
1.1994e+012
1.2042e+012
1.20901e+012
1.21381e+012
1.21862e+012
1.22342e+012
1.22823e+012
1.23303e+012
1.23784e+012
1.24264e+012
1.24745e+012
1.25225e+012
1.25706e+012
1.26186e+012
1.26667e+012
1.27147e+012
1.27628e+012
1.28108e+012
1.28589e+012
1.29069e+012
1.2955e+012
1.3003e+012
1.30511e+012
1.30991e+012
1.31471e+012
1.31952e+012
1.32432e+012
1.32913e+012
1.33393e+012
1.33874e+012
1.34354e+012
1.34835e+012
1.35315e+012
1.35796e+012
1.36276e+012
1.36757e+012
1.37237e+012
1.37718e+012
1.38198e+012
1.38679e+012
1.39159e+012
1.3964e+012
1.4012e+012
1.40601e+012
1.41081e+012
1.41562e+012
1.42042e+012
1.42523e+012
1.43003e+012
1.43483e+012
1.43964e+012
1.44444e+012
1.44925e+012
1.45405e+012
1.45886e+012
1.46366e+012
1.46847e+012
1.47327e+012
1.47808e+012
1.48288e+012
1.48769e+012
1.49249e+012
1.4973e+012
1.5021e+012
1.50691e+012
1.51171e+012
1.51652e+012
1.52132e+012
1.52613e+012
1.53093e+012
1.53574e+012
1.54054e+012
1.54535e+012
1.55015e+012
1.55495e+012
1.55976e+012
1.56456e+012
1.56937e+012
1.57417e+012
1.57898e+012
1.58378e+012
1.58859e+012
1.59339e+012
1.5982e+012
1.603e+012
1.60781e+012
1.61261e+012
1.61742e+012
1.62222e+012
1.62703e+012
1.63183e+012
1.63664e+012
1.64144e+012
1.64625e+012
1.65105e+012
1.65586e+012
1.66066e+012
1.66547e+012
1.67027e+012
1.67508e+012
1.67988e+012
1.68468e+012
1.68949e+012
1.69429e+012
1.6991e+012
1.7039e+012
1.70871e+012
1.71351e+012
1.71832e+012
1.72312e+012
1.72793e+012
1.73273e+012
1.73754e+012
1.74234e+012
1.74715e+012
1.75195e+012
1.75676e+012
1.76156e+012
1.76637e+012
1.77117e+012
1.77598e+012
1.78078e+012
1.78559e+012
1.79039e+012
1.7952e+012
1.8e+012
1.8048e+012
1.80961e+012
1.81441e+012
1.81922e+012
1.82402e+012
1.82883e+012
1.83363e+012
1.83844e+012
1.84324e+012
1.84805e+012
1.85285e+012
1.85766e+012
1.86246e+012
1.86727e+012
1.87207e+012
1.87688e+012
1.88168e+012
1.88649e+012
1.89129e+012
1.8961e+012
1.9009e+012
1.90571e+012
1.91051e+012
1.91532e+012
1.92012e+012
1.92492e+012
1.92973e+012
1.93453e+012
1.93934e+012
1.94414e+012
1.94895e+012
1.95375e+012
1.95856e+012
1.96336e+012
1.96817e+012
1.97297e+012
1.97778e+012
1.98258e+012
1.98739e+012
1.99219e+012
1.997e+012
2.0018e+012
2.00661e+012
2.01141e+012
2.01622e+012
2.02102e+012
2.02583e+012
2.03063e+012
2.03544e+012
2.04024e+012
2.04505e+012
2.04985e+012
2.05465e+012
2.05946e+012
2.06426e+012
2.06907e+012
2.07387e+012
2.07868e+012
2.08348e+012
2.08829e+012
2.09309e+012
2.0979e+012
2.1027e+012
2.10751e+012
2.11231e+012
2.11712e+012
2.12192e+012
2.12673e+012
2.13153e+012
2.13634e+012
2.14114e+012
2.14595e+012
2.15075e+012
2.15556e+012
2.16036e+012
2.16517e+012
2.16997e+012
2.17477e+012
2.17958e+012
2.18438e+012
2.18919e+012
2.19399e+012
2.1988e+012
2.2036e+012
2.20841e+012
2.21321e+012
2.21802e+012
2.22282e+012
2.22763e+012
2.23243e+012
2.23724e+012
2.24204e+012
2.24685e+012
2.25165e+012
2.25646e+012
2.26126e+012
2.26607e+012
2.27087e+012
2.27568e+012
2.28048e+012
2.28529e+012
2.29009e+012
2.29489e+012
2.2997e+012
2.3045e+012
2.30931e+012
2.31411e+012
2.31892e+012
2.32372e+012
2.32853e+012
2.33333e+012
2.33814e+012
2.34294e+012
2.34775e+012
2.35255e+012
2.35736e+012
2.36216e+012
2.36697e+012
2.37177e+012
2.37658e+012
2.38138e+012
2.38619e+012
2.39099e+012
2.3958e+012
2.4006e+012
2.40541e+012
2.41021e+012
2.41502e+012
2.41982e+012
2.42462e+012
2.42943e+012
2.43423e+012
2.43904e+012
2.44384e+012
2.44865e+012
2.45345e+012
2.45826e+012
2.46306e+012
2.46787e+012
2.47267e+012
2.47748e+012
2.48228e+012
2.48709e+012
2.49189e+012
2.4967e+012
2.5015e+012
2.50631e+012
2.51111e+012
2.51592e+012
2.52072e+012
2.52553e+012
2.53033e+012
2.53514e+012
2.53994e+012
2.54474e+012
2.54955e+012
2.55435e+012
2.55916e+012
2.56396e+012
2.56877e+012
2.57357e+012
2.57838e+012
2.58318e+012
2.58799e+012
2.59279e+012
2.5976e+012
2.6024e+012
2.60721e+012
2.61201e+012
2.61682e+012
2.62162e+012
2.62643e+012
2.63123e+012
2.63604e+012
2.64084e+012
2.64565e+012
2.65045e+012
2.65526e+012
2.66006e+012
2.66486e+012
2.66967e+012
2.67447e+012
2.67928e+012
2.68408e+012
2.68889e+012
2.69369e+012
2.6985e+012
2.7033e+012
2.70811e+012
2.71291e+012
2.71772e+012
2.72252e+012
2.72733e+012
2.73213e+012
2.73694e+012
2.74174e+012
2.74655e+012
2.75135e+012
2.75616e+012
2.76096e+012
2.76577e+012
2.77057e+012
2.77538e+012
2.78018e+012
2.78498e+012
2.78979e+012
2.79459e+012
2.7994e+012
2.8042e+012
2.80901e+012
2.81381e+012
2.81862e+012
2.82342e+012
2.82823e+012
2.83303e+012
2.83784e+012
2.84264e+012
2.84745e+012
2.85225e+012
2.85706e+012
2.86186e+012
2.86667e+012
2.87147e+012
2.87628e+012
2.88108e+012
2.88589e+012
2.89069e+012
2.8955e+012
2.9003e+012
2.90511e+012
2.90991e+012
2.91471e+012
2.91952e+012
2.92432e+012
2.92913e+012
2.93393e+012
2.93874e+012
2.94354e+012
2.94835e+012
2.95315e+012
2.95796e+012
2.96276e+012
2.96757e+012
2.97237e+012
2.97718e+012
2.98198e+012
2.98679e+012
2.99159e+012
2.9964e+012
3.0012e+012
3.00601e+012
3.01081e+012
3.01562e+012
3.02042e+012
3.02523e+012
3.03003e+012
3.03483e+012
3.03964e+012
3.04444e+012
3.04925e+012
3.05405e+012
3.05886e+012
3.06366e+012
3.06847e+012
3.07327e+012
3.07808e+012
3.08288e+012
3.08769e+012
3.09249e+012
3.0973e+012
3.1021e+012
3.10691e+012
3.11171e+012
3.11652e+012
3.12132e+012
3.12613e+012
3.13093e+012
3.13574e+012
3.14054e+012
3.14535e+012
3.15015e+012
3.15495e+012
3.15976e+012
3.16456e+012
3.16937e+012
3.17417e+012
3.17898e+012
3.18378e+012
3.18859e+012
3.19339e+012
3.1982e+012
3.203e+012
3.20781e+012
3.21261e+012
3.21742e+012
3.22222e+012
3.22703e+012
3.23183e+012
3.23664e+012
3.24144e+012
3.24625e+012
3.25105e+012
3.25586e+012
3.26066e+012
3.26547e+012
3.27027e+012
3.27508e+012
3.27988e+012
3.28468e+012
3.28949e+012
3.29429e+012
3.2991e+012
3.3039e+012
3.30871e+012
3.31351e+012
3.31832e+012
3.32312e+012
3.32793e+012
3.33273e+012
3.33754e+012
3.34234e+012
3.34715e+012
3.35195e+012
3.35676e+012
3.36156e+012
3.36637e+012
3.37117e+012
3.37598e+012
3.38078e+012
3.38559e+012
3.39039e+012
3.3952e+012
3.4e+012
3.4048e+012
3.40961e+012
3.41441e+012
3.41922e+012
3.42402e+012
3.42883e+012
3.43363e+012
3.43844e+012
3.44324e+012
3.44805e+012
3.45285e+012
3.45766e+012
3.46246e+012
3.46727e+012
3.47207e+012
3.47688e+012
3.48168e+012
3.48649e+012
3.49129e+012
3.4961e+012
3.5009e+012
3.50571e+012
3.51051e+012
3.51532e+012
3.52012e+012
3.52492e+012
3.52973e+012
3.53453e+012
3.53934e+012
3.54414e+012
3.54895e+012
3.55375e+012
3.55856e+012
3.56336e+012
3.56817e+012
3.57297e+012
3.57778e+012
3.58258e+012
3.58739e+012
3.59219e+012
3.597e+012
3.6018e+012
3.60661e+012
3.61141e+012
3.61622e+012
3.62102e+012
3.62583e+012
3.63063e+012
3.63544e+012
3.64024e+012
3.64505e+012
3.64985e+012
3.65465e+012
3.65946e+012
3.66426e+012
3.66907e+012
3.67387e+012
3.67868e+012
3.68348e+012
3.68829e+012
3.69309e+012
3.6979e+012
3.7027e+012
3.70751e+012
3.71231e+012
3.71712e+012
3.72192e+012
3.72673e+012
3.73153e+012
3.73634e+012
3.74114e+012
3.74595e+012
3.75075e+012
3.75556e+012
3.76036e+012
3.76517e+012
3.76997e+012
3.77477e+012
3.77958e+012
3.78438e+012
3.78919e+012
3.79399e+012
3.7988e+012
3.8036e+012
3.80841e+012
3.81321e+012
3.81802e+012
3.82282e+012
3.82763e+012
3.83243e+012
3.83724e+012
3.84204e+012
3.84685e+012
3.85165e+012
3.85646e+012
3.86126e+012
3.86607e+012
3.87087e+012
3.87568e+012
3.88048e+012
3.88529e+012
3.89009e+012
3.89489e+012
3.8997e+012
3.9045e+012
3.90931e+012
3.91411e+012
3.91892e+012
3.92372e+012
3.92853e+012
3.93333e+012
3.93814e+012
3.94294e+012
3.94775e+012
3.95255e+012
3.95736e+012
3.96216e+012
3.96697e+012
3.97177e+012
3.97658e+012
3.98138e+012
3.98619e+012
3.99099e+012
3.9958e+012
4.0006e+012
4.00541e+012
4.01021e+012
4.01502e+012
4.01982e+012
4.02462e+012
4.02943e+012
4.03423e+012
4.03904e+012
4.04384e+012
4.04865e+012
4.05345e+012
4.05826e+012
4.06306e+012
4.06787e+012
4.07267e+012
4.07748e+012
4.08228e+012
4.08709e+012
4.09189e+012
4.0967e+012
4.1015e+012
4.10631e+012
4.11111e+012
4.11592e+012
4.12072e+012
4.12553e+012
4.13033e+012
4.13514e+012
4.13994e+012
4.14474e+012
4.14955e+012
4.15435e+012
4.15916e+012
4.16396e+012
4.16877e+012
4.17357e+012
4.17838e+012
4.18318e+012
4.18799e+012
4.19279e+012
4.1976e+012
4.2024e+012
4.20721e+012
4.21201e+012
4.21682e+012
4.22162e+012
4.22643e+012
4.23123e+012
4.23604e+012
4.24084e+012
4.24565e+012
4.25045e+012
4.25526e+012
4.26006e+012
4.26486e+012
4.26967e+012
4.27447e+012
4.27928e+012
4.28408e+012
4.28889e+012
4.29369e+012
4.2985e+012
4.3033e+012
4.30811e+012
4.31291e+012
4.31772e+012
4.32252e+012
4.32733e+012
4.33213e+012
4.33694e+012
4.34174e+012
4.34655e+012
4.35135e+012
4.35616e+012
4.36096e+012
4.36577e+012
4.37057e+012
4.37538e+012
4.38018e+012
4.38498e+012
4.38979e+012
4.39459e+012
4.3994e+012
4.4042e+012
4.40901e+012
4.41381e+012
4.41862e+012
4.42342e+012
4.42823e+012
4.43303e+012
4.43784e+012
4.44264e+012
4.44745e+012
4.45225e+012
4.45706e+012
4.46186e+012
4.46667e+012
4.47147e+012
4.47628e+012
4.48108e+012
4.48589e+012
4.49069e+012
4.4955e+012
4.5003e+012
4.50511e+012
4.50991e+012
4.51471e+012
4.51952e+012
4.52432e+012
4.52913e+012
4.53393e+012
4.53874e+012
4.54354e+012
4.54835e+012
4.55315e+012
4.55796e+012
4.56276e+012
4.56757e+012
4.57237e+012
4.57718e+012
4.58198e+012
4.58679e+012
4.59159e+012
4.5964e+012
4.6012e+012
4.60601e+012
4.61081e+012
4.61562e+012
4.62042e+012
4.62523e+012
4.63003e+012
4.63483e+012
4.63964e+012
4.64444e+012
4.64925e+012
4.65405e+012
4.65886e+012
4.66366e+012
4.66847e+012
4.67327e+012
4.67808e+012
4.68288e+012
4.68769e+012
4.69249e+012
4.6973e+012
4.7021e+012
4.70691e+012
4.71171e+012
4.71652e+012
4.72132e+012
4.72613e+012
4.73093e+012
4.73574e+012
4.74054e+012
4.74535e+012
4.75015e+012
4.75495e+012
4.75976e+012
4.76456e+012
4.76937e+012
4.77417e+012
4.77898e+012
4.78378e+012
4.78859e+012
4.79339e+012
4.7982e+012
4.803e+012
4.80781e+012
4.81261e+012
4.81742e+012
4.82222e+012
4.82703e+012
4.83183e+012
4.83664e+012
4.84144e+012
4.84625e+012
4.85105e+012
4.85586e+012
4.86066e+012
4.86547e+012
4.87027e+012
4.87508e+012
4.87988e+012
4.88468e+012
4.88949e+012
4.89429e+012
4.8991e+012
4.9039e+012
4.90871e+012
4.91351e+012
4.91832e+012
4.92312e+012
4.92793e+012
4.93273e+012
4.93754e+012
4.94234e+012
4.94715e+012
4.95195e+012
4.95676e+012
4.96156e+012
4.96637e+012
4.97117e+012
4.97598e+012
4.98078e+012
4.98559e+012
4.99039e+012
4.9952e+012
5e+012
