0.951356
0.949163
0.946931
0.94466
0.942351
0.940004
0.937621
0.935203
0.93275
0.930262
0.927742
0.925189
0.922604
0.919988
0.917343
0.914668
0.911964
0.909233
0.906476
0.903692
0.900883
0.898049
0.895192
0.892312
0.88941
0.886486
0.883542
0.880578
0.877596
0.874594
0.871576
0.86854
0.865489
0.862422
0.85934
0.856245
0.853136
0.850014
0.846881
0.843737
0.840582
0.837417
0.834242
0.831059
0.827868
0.82467
0.821465
0.818253
0.815036
0.811814
0.808587
0.805356
0.802121
0.798884
0.795644
0.792402
0.789158
0.785914
0.782669
0.779424
0.776179
0.772935
0.769693
0.766452
0.763213
0.759976
0.756743
0.753512
0.750285
0.747062
0.743844
0.74063
0.737421
0.734217
0.731019
0.727827
0.724641
0.721462
0.718289
0.715124
0.711966
0.708815
0.705673
0.702538
0.699412
0.696295
0.693186
0.690087
0.686997
0.683916
0.680845
0.677784
0.674733
0.671693
0.668663
0.665644
0.662635
0.659638
0.656652
0.653678
0.650715
0.647763
0.644824
0.641897
0.638982
0.636079
0.633189
0.630311
0.627446
0.624594
0.621755
0.618929
0.616117
0.613318
0.610532
0.60776
0.605002
0.602257
0.599527
0.596811
0.594108
0.59142
0.588747
0.586087
0.583443
0.580813
0.578197
0.575596
0.573011
0.57044
0.567884
0.565343
0.562817
0.560306
0.557811
0.55533
0.552866
0.550416
0.547982
0.545563
0.54316
0.540772
0.5384
0.536043
0.533702
0.531377
0.529067
0.526773
0.524494
0.522231
0.519984
0.517753
0.515537
0.513336
0.511151
0.508982
0.506829
0.504691
0.502568
0.500461
0.49837
0.496293
0.494233
0.492187
0.490157
0.488142
0.486142
0.484158
0.482188
0.480234
0.478294
0.476369
0.474459
0.472564
0.470683
0.468817
0.466966
0.465129
0.463306
0.461497
0.459703
0.457922
0.456156
0.454403
0.452665
0.450939
0.449228
0.44753
0.445845
0.444173
0.442515
0.44087
0.439237
0.437618
0.436011
0.434417
0.432835
0.431266
0.429709
0.428164
0.426631
0.425111
0.423602
0.422105
0.420619
0.419146
0.417683
0.416232
0.414792
0.413364
0.411946
0.41054
0.409144
0.407759
0.406385
0.405021
0.403668
0.402325
0.400993
0.399671
0.398359
0.397057
0.395765
0.394483
0.393211
0.391948
0.390696
0.389453
0.388219
0.386995
0.385781
0.384576
0.38338
0.382193
0.381016
0.379848
0.378689
0.377539
0.376398
0.375266
0.374144
0.37303
0.371924
0.370828
0.369741
0.368662
0.367592
0.366531
0.365478
0.364434
0.363399
0.362372
0.361354
0.360345
0.359344
0.358351
0.357367
0.356392
0.355425
0.354466
0.353516
0.352574
0.351641
0.350716
0.3498
0.348892
0.347992
0.3471
0.346217
0.345342
0.344476
0.343617
0.342767
0.341926
0.341092
0.340267
0.33945
0.338641
0.33784
0.337047
0.336263
0.335486
0.334718
0.333957
0.333205
0.332461
0.331725
0.330996
0.330276
0.329563
0.328858
0.328161
0.327472
0.326791
0.326117
0.325451
0.324793
0.324142
0.323499
0.322864
0.322236
0.321615
0.321002
0.320396
0.319797
0.319206
0.318622
0.318045
0.317475
0.316912
0.316356
0.315807
0.315265
0.31473
0.314201
0.313679
0.313164
0.312656
0.312154
0.311658
0.311169
0.310687
0.31021
0.30974
0.309277
0.308819
0.308367
0.307922
0.307482
0.307048
0.30662
0.306198
0.305782
0.305371
0.304966
0.304567
0.304173
0.303785
0.303402
0.303024
0.302652
0.302285
0.301923
0.301567
0.301215
0.300869
0.300528
0.300192
0.29986
0.299534
0.299213
0.298897
0.298585
0.298278
0.297977
0.297679
0.297387
0.2971
0.296817
0.296538
0.296265
0.295996
0.295732
0.295472
0.295218
0.294967
0.294722
0.294481
0.294244
0.294012
0.293785
0.293563
0.293345
0.293131
0.292923
0.292718
0.292519
0.292324
0.292134
0.291949
0.291768
0.291592
0.291421
0.291255
0.291093
0.290936
0.290784
0.290637
0.290495
0.290357
0.290225
0.290097
0.289974
0.289857
0.289744
0.289637
0.289534
0.289437
0.289345
0.289258
0.289176
0.289099
0.289028
0.288961
0.288901
0.288845
0.288795
0.28875
0.288711
0.288677
0.288648
0.288625
0.288607
0.288595
0.288589
0.288588
0.288592
0.288603
0.288618
0.28864
0.288667
0.2887
0.288738
0.288782
0.288832
0.288887
0.288948
0.289015
0.289088
0.289166
0.28925
0.28934
0.289436
0.289537
0.289644
0.289757
0.289875
0.289999
0.290129
0.290265
0.290406
0.290553
0.290705
0.290864
0.291028
0.291197
0.291372
0.291553
0.29174
0.291932
0.292129
0.292332
0.292541
0.292755
0.292975
0.2932
0.29343
0.293667
0.293908
0.294155
0.294407
0.294665
0.294928
0.295196
0.295469
0.295748
0.296033
0.296322
0.296617
0.296916
0.297221
0.297532
0.297847
0.298168
0.298493
0.298824
0.29916
0.299501
0.299848
0.300199
0.300556
0.300917
0.301284
0.301656
0.302032
0.302414
0.302801
0.303194
0.303591
0.303993
0.304401
0.304814
0.305232
0.305655
0.306083
0.306517
0.306955
0.307399
0.307849
0.308303
0.308763
0.309229
0.3097
0.310176
0.310658
0.311145
0.311638
0.312136
0.312641
0.31315
0.313666
0.314188
0.314715
0.315248
0.315787
0.316333
0.316884
0.317441
0.318005
0.318575
0.319151
0.319734
0.320323
0.320919
0.321522
0.322131
0.322747
0.323369
0.323999
0.324635
0.325279
0.32593
0.326588
0.327253
0.327926
0.328606
0.329293
0.329988
0.330691
0.331402
0.33212
0.332847
0.333581
0.334323
0.335074
0.335833
0.3366
0.337375
0.338159
0.338952
0.339753
0.340563
0.341381
0.342209
0.343045
0.34389
0.344744
0.345608
0.34648
0.347362
0.348253
0.349153
0.350063
0.350982
0.351911
0.35285
0.353798
0.354756
0.355723
0.356701
0.357688
0.358685
0.359692
0.360709
0.361736
0.362774
0.363821
0.364879
0.365946
0.367024
0.368113
0.369211
0.37032
0.37144
0.372569
0.37371
0.37486
0.376021
0.377193
0.378375
0.379568
0.380771
0.381985
0.383209
0.384444
0.38569
0.386946
0.388213
0.389491
0.39078
0.392079
0.393389
0.394709
0.396041
0.397383
0.398736
0.4001
0.401475
0.40286
0.404256
0.405663
0.407081
0.40851
0.40995
0.411401
0.412863
0.414335
0.415819
0.417314
0.418819
0.420336
0.421864
0.423402
0.424952
0.426514
0.428086
0.429669
0.431264
0.43287
0.434487
0.436116
0.437756
0.439407
0.44107
0.442745
0.444431
0.446128
0.447838
0.449559
0.451291
0.453036
0.454792
0.456561
0.458341
0.460134
0.461938
0.463755
0.465584
0.467426
0.469279
0.471146
0.473025
0.474916
0.476821
0.478738
0.480668
0.482611
0.484567
0.486537
0.488519
0.490516
0.492525
0.494548
0.496585
0.498635
0.500699
0.502777
0.50487
0.506976
0.509096
0.511231
0.51338
0.515544
0.517722
0.519916
0.522123
0.524346
0.526584
0.528837
0.531105
0.533388
0.535686
0.538
0.54033
0.542675
0.545035
0.547412
0.549804
0.552212
0.554636
0.557076
0.559533
0.562005
0.564493
0.566998
0.569519
0.572056
0.574609
0.577179
0.579765
0.582368
0.584986
0.587622
0.590273
0.592941
0.595626
0.598326
0.601043
0.603777
0.606526
0.609292
0.612074
0.614871
0.617685
0.620515
0.62336
0.626222
0.629098
0.631991
0.634898
0.637821
0.640759
0.643712
0.646679
0.649661
0.652658
0.655669
0.658694
0.661732
0.664784
0.66785
0.670928
0.67402
0.677124
0.68024
0.683369
0.686509
0.689661
0.692823
0.695997
0.699181
0.702375
0.705579
0.708793
0.712015
0.715247
0.718486
0.721733
0.724988
0.72825
0.731518
0.734793
0.738073
0.741358
0.744649
0.747943
0.751241
0.754543
0.757847
0.761153
0.764462
0.767771
0.771081
0.774391
0.777701
0.781009
0.784316
0.787621
0.790922
0.794221
0.797515
0.800805
0.804089
0.807368
0.81064
0.813904
0.817161
0.82041
0.823649
0.826879
0.830098
0.833306
0.836502
0.839685
0.842856
0.846012
0.849155
0.852281
0.855392
0.858487
0.861564
0.864623
0.867663
0.870684
0.873685
0.876665
0.879623
0.88256
0.885473
0.888363
0.891228
0.894069
0.896884
0.899672
0.902433
0.905167
0.907872
0.910548
0.913195
0.915811
0.918395
0.920948
0.923469
0.925957
0.92841
0.93083
0.933214
0.935563
0.937876
0.940152
0.94239
0.944591
0.946753
0.948875
0.950958
0.953001
0.955003
0.956963
0.958882
0.960758
0.962591
0.96438
0.966126
0.967827
0.969484
0.971095
0.97266
0.974179
0.975651
0.977077
0.978455
0.979785
0.981067
0.982301
0.983485
0.984621
0.985707
0.986743
0.987729
0.988664
0.989549
0.990383
0.991166
0.991898
0.992578
0.993206
0.993783
0.994307
0.994779
0.995199
0.995566
0.995881
0.996144
0.996353
0.99651
0.996614
0.996665
0.996663
0.996609
0.996502
0.996341
0.996129
0.995863
0.995545
0.995175
0.994752
0.994277
0.993749
0.99317
0.992539
0.991856
0.991122
0.990337
0.989501
0.988614
0.987677
0.986689
0.985651
0.984564
0.983428
0.982242
0.981008
0.979725
0.978394
0.977016
0.97559
0.974118
0.972599
0.971035
0.969424
0.967769
0.966068
0.964324
0.962535
0.960704
0.95883
0.956913
0.954955
0.952955
0.950915
0.948834
0.946714
0.944555
0.942357
0.940121
0.937848
0.935538
0.933192
0.930811
0.928395
0.925944
0.923459
0.920942
0.918392
0.91581
0.913197
0.910554
0.907881
0.905178
0.902447
0.899688
0.896902
0.89409
0.891251
0.888388
0.8855
0.882588
0.879653
0.876696
0.873716
0.870716
0.867696
0.864655
0.861596
0.858519
0.855424
0.852312
0.849183
0.846039
0.842881
0.839708
0.836521
0.833322
0.830111
0.826888
0.823654
0.82041
0.817157
0.813895
0.810625
0.807347
0.804062
0.800772
0.797475
0.794174
0.790868
0.787558
0.784246
0.780931
0.777614
0.774296
0.770977
0.767658
0.764339
0.761022
0.757706
0.754392
0.751081
0.747774
0.74447
0.74117
0.737875
0.734586
0.731302
0.728025
0.724754
0.721491
0.718235
0.714988
0.71175
0.70852
0.7053
0.70209
0.69889
0.695702
0.692524
0.689358
0.686203
0.683061
0.679932
