0.832689
0.826222
0.819729
0.813217
0.806692
0.800158
0.79362
0.787083
0.780552
0.77403
0.767522
0.761032
0.754563
0.748119
0.741703
0.735318
0.728967
0.722652
0.716375
0.710139
0.703946
0.697798
0.691696
0.685641
0.679635
0.673678
0.667772
0.661918
0.656116
0.650366
0.644669
0.639025
0.633435
0.627898
0.622414
0.616983
0.611606
0.606281
0.601009
0.595789
0.590621
0.585504
0.580439
0.575424
0.57046
0.565546
0.560681
0.555866
0.5511
0.546382
0.541712
0.537091
0.532517
0.527991
0.523513
0.519082
0.514699
0.510363
0.506074
0.501833
0.497639
0.493493
0.489395
0.485345
0.481343
0.47739
0.473486
0.469632
0.465826
0.462071
0.458366
0.454712
0.451109
0.447557
0.444057
0.44061
0.437214
0.433871
0.430582
0.427345
0.424162
0.421033
0.417957
0.414935
0.411968
0.409054
0.406194
0.403387
0.400635
0.397935
0.395289
0.392695
0.390154
0.387664
0.385226
0.382839
0.380501
0.378214
0.375974
0.373783
0.371639
0.369541
0.367488
0.365479
0.363514
0.361591
0.359709
0.357867
0.356064
0.354299
0.35257
0.350877
0.349219
0.347593
0.346
0.344438
0.342905
0.341401
0.339925
0.338476
0.337052
0.335653
0.334278
0.332925
0.331595
0.330286
0.328998
0.327729
0.32648
0.325249
0.324037
0.322842
0.321664
0.320504
0.319361
0.318234
0.317124
0.31603
0.314952
0.313891
0.312846
0.311818
0.310808
0.309814
0.308837
0.307879
0.306938
0.306016
0.305113
0.304229
0.303366
0.302523
0.3017
0.300899
0.300121
0.299364
0.298631
0.297922
0.297236
0.296575
0.29594
0.295329
0.294745
0.294188
0.293657
0.293153
0.292677
0.292228
0.291808
0.291415
0.291051
0.290716
0.290409
0.29013
0.289879
0.289658
0.289464
0.289298
0.28916
0.289049
0.288966
0.28891
0.28888
0.288876
0.288897
0.288944
0.289015
0.289111
0.289229
0.289371
0.289534
0.28972
0.289926
0.290153
0.290399
0.290665
0.290949
0.291251
0.29157
0.291906
0.292258
0.292626
0.293009
0.293407
0.29382
0.294246
0.294686
0.29514
0.295606
0.296086
0.296578
0.297083
0.297601
0.298131
0.298674
0.29923
0.2998
0.300382
0.300978
0.301589
0.302213
0.302853
0.303508
0.304179
0.304866
0.305571
0.306293
0.307034
0.307794
0.308575
0.309376
0.310199
0.311045
0.311915
0.312808
0.313727
0.314673
0.315645
0.316645
0.317675
0.318734
0.319824
0.320945
0.322099
0.323286
0.324506
0.325762
0.327053
0.32838
0.329744
0.331146
0.332585
0.334063
0.33558
0.337136
0.338732
0.340368
0.342044
0.343761
0.345519
0.347318
0.349157
0.351038
0.35296
0.354923
0.356926
0.358971
0.361056
0.363182
0.365348
0.367554
0.3698
0.372085
0.37441
0.376774
0.379176
0.381617
0.384096
0.386612
0.389166
0.391758
0.394386
0.397051
0.399753
0.402491
0.405265
0.408076
0.410922
0.413805
0.416724
0.41968
0.422672
0.425701
0.428766
0.431869
0.43501
0.438189
0.441407
0.444664
0.447961
0.451299
0.454678
0.4581
0.461565
0.465074
0.468628
0.472228
0.475876
0.479573
0.483319
0.487116
0.490965
0.494867
0.498825
0.502838
0.506909
0.511039
0.515229
0.51948
0.523793
0.528171
0.532613
0.537122
0.541698
0.546343
0.551057
0.555841
0.560697
0.565624
0.570625
0.575698
0.580845
0.586065
0.59136
0.596729
0.602172
0.607689
0.613279
0.618942
0.624677
0.630483
0.63636
0.642305
0.648318
0.654397
0.66054
0.666745
0.67301
0.679333
0.685711
0.692141
0.698621
0.705146
0.711715
0.718323
0.724967
0.731642
0.738345
0.745072
0.751818
0.758578
0.765348
0.772123
0.778898
0.785668
0.792427
0.79917
0.805892
0.812587
0.819249
0.825873
0.832452
0.838981
0.845453
0.851864
0.858206
0.864473
0.87066
0.87676
0.882768
0.888677
0.894482
0.900176
0.905754
0.911209
0.916537
0.921731
0.926786
0.931696
0.936457
0.941063
0.945509
0.949791
0.953904
0.957842
0.961603
0.965182
0.968575
0.971778
0.974788
0.977601
0.980216
0.982628
0.984835
0.986836
0.988627
0.990208
0.991576
0.992731
0.993671
0.994395
0.994903
0.995195
0.995271
0.99513
0.994774
0.994203
0.993417
0.99242
0.991211
0.989792
0.988166
0.986335
0.9843
0.982066
0.979633
0.977007
0.974189
0.971183
0.967992
0.964621
0.961074
0.957354
0.953466
0.949414
0.945203
0.940836
0.93632
0.931659
0.926858
0.921922
0.916855
0.911664
0.906353
0.900928
0.895394
0.889756
0.88402
0.878191
0.872275
0.866277
0.860202
0.854056
0.847844
0.841571
0.835243
0.828865
0.822441
0.815978
0.809479
0.802951
0.796397
0.789822
0.783232
0.776631
0.770022
0.763411
0.756802
0.750198
0.743605
0.737025
0.730462
0.723921
0.717404
0.710914
0.704456
0.698032
0.691645
0.685297
0.678993
0.672733
0.666521
0.660358
0.654248
0.648191
0.64219
0.636246
0.630361
0.624537
0.618774
0.613075
0.607439
0.601869
0.596365
0.590927
0.585557
0.580255
0.575021
0.569856
0.56476
0.559732
0.554774
0.549886
0.545066
0.540315
0.535633
0.531019
0.526473
0.521994
0.517583
0.513238
0.508958
0.504744
0.500595
0.496509
0.492487
0.488526
0.484627
0.480788
0.47701
0.47329
0.469628
0.466023
0.462474
0.45898
0.455541
0.452155
0.448821
0.445539
0.442307
0.439126
0.435993
0.432908
0.42987
0.426878
0.423932
0.42103
0.418172
0.415357
0.412585
0.409854
0.407164
0.404515
0.401905
0.399334
0.396801
0.394306
0.391849
0.389428
0.387044
0.384695
0.382382
0.380104
0.377861
0.375652
0.373477
0.371335
0.369227
0.367152
0.36511
0.363101
0.361124
0.359179
0.357266
0.355385
0.353536
0.351719
0.349933
0.348178
0.346455
0.344763
0.343102
0.341472
0.339873
0.338305
0.336768
0.335261
0.333785
0.33234
0.330925
0.329541
0.328187
0.326864
0.32557
0.324307
0.323074
0.321871
0.320697
0.319553
0.318439
0.317354
0.316298
0.315271
0.314272
0.313303
0.312362
0.311449
0.310564
0.309706
0.308876
0.308074
0.307298
0.306549
0.305826
0.305129
0.304458
0.303812
0.303192
0.302596
0.302024
0.301477
0.300953
0.300452
0.299975
0.29952
0.299088
0.298677
0.298288
0.29792
0.297574
0.297247
0.296941
0.296655
0.296388
0.296141
0.295913
0.295703
0.295512
0.295339
0.295184
0.295047
0.294927
0.294825
0.29474
0.294671
0.29462
0.294585
0.294567
0.294566
0.294581
0.294612
0.29466
0.294725
0.294806
0.294903
0.295017
0.295148
0.295296
0.29546
0.295642
0.295841
0.296058
0.296292
0.296544
0.296814
0.297103
0.297411
0.297737
0.298084
0.298449
0.298835
0.299241
0.299668
0.300116
0.300585
0.301076
0.30159
0.302126
0.302685
0.303268
0.303874
0.304505
0.30516
0.30584
0.306545
0.307277
0.308034
0.308818
0.309628
0.310466
0.311331
0.312224
0.313145
0.314095
0.315073
0.31608
0.317116
0.318182
0.319278
0.320403
0.321558
0.322744
0.32396
0.325206
0.326483
0.327791
0.32913
0.330499
0.3319
0.333331
0.334794
0.336288
0.337813
0.33937
0.340957
0.342576
0.344226
0.345907
0.347619
0.349362
0.351137
0.352943
0.35478
0.356648
0.358547
0.360478
0.36244
0.364433
0.366458
0.368514
0.370601
0.37272
0.374871
0.377054
0.379269
0.381516
0.383796
0.386109
0.388455
0.390834
0.393247
0.395694
0.398176
0.400693
0.403245
0.405833
0.408458
0.41112
0.41382
0.416558
0.419335
0.422152
0.42501
0.427909
0.43085
0.433834
0.436862
0.439935
0.443054
0.446219
0.449432
0.452693
0.456003
0.459365
0.462778
0.466243
0.469762
0.473336
0.476965
0.480651
0.484394
0.488197
0.492059
0.495981
0.499965
0.504011
0.508121
0.512294
0.516533
0.520837
0.525207
0.529645
0.534149
0.538722
0.543363
0.548073
0.552851
0.557699
0.562617
0.567604
0.57266
0.577785
0.582979
0.588241
0.593571
0.598969
0.604433
0.609964
0.615559
0.621218
0.626939
0.632722
0.638564
0.644465
0.650422
0.656434
0.662498
0.668613
0.674776
0.680985
0.687237
0.693529
0.69986
0.706225
0.712622
0.719048
0.725499
0.731972
0.738463
0.744968
0.751484
0.758007
0.764533
0.771057
0.777576
0.784084
0.790579
0.797054
0.803506
0.80993
0.816321
0.822674
0.828985
0.835248
0.84146
0.847613
0.853705
0.859729
0.865681
0.871555
0.877347
0.883052
0.888664
0.894179
0.899591
0.904896
0.910089
0.915165
0.920119
0.924947
0.929644
0.934206
0.938627
0.942905
0.947034
0.951011
0.954831
0.958492
0.961988
0.965317
0.968476
0.97146
0.974267
0.976894
0.979339
0.981598
0.98367
0.985552
0.987242
0.988738
0.990039
0.991144
0.992051
0.992758
0.993267
0.993575
0.993682
0.993589
0.993295
0.9928
0.992106
0.991212
0.99012
0.98883
0.987345
0.985664
0.983791
0.981727
0.979474
0.977035
0.974411
0.971606
0.968622
0.965463
0.962131
0.95863
0.954963
0.951134
0.947147
0.943005
0.938714
0.934276
0.929696
0.924979
0.920129
0.915151
0.91005
0.904829
0.899495
0.894052
0.888505
0.882858
0.877118
0.871289
0.865377
0.859385
0.853321
0.847188
0.840992
0.834739
0.828432
0.822078
0.815682
0.809247
0.802781
0.796286
0.789768
0.783233
0.776684
0.770126
0.763564
0.757002
0.750445
0.743896
0.737361
0.730842
0.724344
0.717871
0.711425
0.705012
0.698634
0.692294
0.685996
0.679742
0.673535
0.667379
0.661275
0.655226
0.649235
0.643303
0.637432
0.631624
0.625882
0.620206
0.614598
0.609059
0.60359
0.598192
0.592867
0.587614
0.582435
0.57733
0.572299
0.567343
0.562461
0.557654
0.552921
0.548263
0.543678
0.539168
0.53473
0.530365
0.526071
0.521849
0.517697
0.513615
0.5096
0.505654
0.501773
0.497958
0.494207
0.490519
0.486893
0.483327
0.47982
0.476371
0.472978
0.469641
0.466358
0.463127
0.459947
0.456817
0.453736
0.450702
0.447715
0.444772
0.441872
0.439015
0.436198
0.433422
0.430685
0.427985
0.425322
0.422695
0.420103
0.417544
0.415019
0.412526
0.410065
0.407634
