0.703666
0.693857
0.684122
0.674472
0.664919
0.655473
0.646144
0.636941
0.627871
0.618944
0.610166
0.601542
0.593078
0.58478
0.57665
0.568693
0.560911
0.553305
0.545877
0.538627
0.531555
0.524661
0.517943
0.5114
0.505028
0.498826
0.49279
0.486916
0.481201
0.47564
0.470228
0.464961
0.459834
0.454842
0.449979
0.445241
0.440621
0.436114
0.431716
0.427422
0.423225
0.419121
0.415106
0.411175
0.407324
0.403548
0.399845
0.39621
0.392641
0.389134
0.385688
0.3823
0.378969
0.375692
0.372468
0.369298
0.36618
0.363114
0.3601
0.357138
0.35423
0.351375
0.348574
0.34583
0.343142
0.340513
0.337944
0.335436
0.332991
0.330611
0.328298
0.326053
0.323877
0.321772
0.319739
0.31778
0.315896
0.314087
0.312355
0.310699
0.309121
0.30762
0.306196
0.30485
0.303579
0.302385
0.301265
0.300219
0.299245
0.298342
0.297507
0.29674
0.296037
0.295397
0.294818
0.294296
0.29383
0.293416
0.293053
0.292737
0.292466
0.292238
0.29205
0.291899
0.291784
0.291702
0.291651
0.29163
0.291636
0.291668
0.291725
0.291807
0.291911
0.292038
0.292187
0.292359
0.292553
0.292769
0.29301
0.293275
0.293565
0.293883
0.294229
0.294606
0.295016
0.29546
0.29594
0.29646
0.297022
0.297629
0.298282
0.298985
0.299741
0.300552
0.30142
0.30235
0.303342
0.304399
0.305524
0.30672
0.307987
0.309328
0.310744
0.312238
0.31381
0.315462
0.317194
0.319006
0.320901
0.322877
0.324935
0.327075
0.329296
0.331599
0.333981
0.336443
0.338983
0.341601
0.344296
0.347065
0.349908
0.352825
0.355812
0.35887
0.361997
0.365193
0.368455
0.371784
0.375179
0.378639
0.382164
0.385755
0.389411
0.393132
0.39692
0.400776
0.404701
0.408697
0.412765
0.416908
0.421129
0.42543
0.429815
0.434287
0.438849
0.443507
0.448262
0.453121
0.458088
0.463167
0.468363
0.473681
0.479125
0.484702
0.490414
0.496268
0.502267
0.508416
0.51472
0.521181
0.527804
0.534591
0.541546
0.54867
0.555966
0.563434
0.571076
0.57889
0.586878
0.595036
0.603364
0.611857
0.620514
0.629328
0.638296
0.64741
0.656664
0.666051
0.675561
0.685185
0.694914
0.704735
0.714637
0.724609
0.734635
0.744703
0.754797
0.764902
0.775003
0.785083
0.795124
0.80511
0.815023
0.824845
0.834557
0.84414
0.853578
0.862849
0.871937
0.880822
0.889485
0.897909
0.906075
0.913967
0.921565
0.928855
0.93582
0.942444
0.948711
0.954609
0.960124
0.965243
0.969954
0.974247
0.978112
0.981539
0.984523
0.987054
0.989129
0.990742
0.99189
0.992571
0.992784
0.992528
0.991805
0.990618
0.988968
0.986862
0.984304
0.981301
0.977861
0.973992
0.969703
0.965006
0.959911
0.954431
0.948578
0.942366
0.93581
0.928923
0.921723
0.914223
0.906441
0.898394
0.890098
0.881571
0.872829
0.863892
0.854775
0.845497
0.836076
0.826528
0.816871
0.807122
0.797298
0.787416
0.77749
0.767538
0.757574
0.747612
0.737668
0.727754
0.717884
0.708071
0.698325
0.688658
0.67908
0.669601
0.660231
0.650977
0.641848
0.632849
0.623988
0.61527
0.606699
0.598281
0.590017
0.581912
0.573968
0.566186
0.558567
0.551112
0.543821
0.536693
0.529728
0.522924
0.51628
0.509792
0.50346
0.49728
0.491248
0.485363
0.47962
0.474016
0.468547
0.463209
0.457999
0.452912
0.447945
0.443094
0.438354
0.433722
0.429195
0.424769
0.420439
0.416204
0.412059
0.408002
0.40403
0.40014
0.396331
0.392598
0.388942
0.385359
0.381849
0.378409
0.375039
0.371737
0.368504
0.365337
0.362237
0.359204
0.356236
0.353335
0.3505
0.347732
0.345029
0.342394
0.339826
0.337326
0.334895
0.332531
0.330237
0.328013
0.325858
0.323774
0.321761
0.319818
0.317946
0.316145
0.314416
0.312757
0.311169
0.309651
0.308203
0.306824
0.305514
0.304271
0.303095
0.301984
0.300938
0.299955
0.299033
0.298172
0.297369
0.296624
0.295933
0.295297
0.294712
0.294178
0.293692
0.293252
0.292857
0.292506
0.292195
0.291925
0.291693
0.291498
0.291338
0.291213
0.291121
0.291061
0.291032
0.291034
0.291066
0.291127
0.291219
0.291339
0.291489
0.291669
0.291879
0.292119
0.292391
0.292696
0.293034
0.293407
0.293816
0.294263
0.294748
0.295275
0.295844
0.296457
0.297116
0.297824
0.298581
0.299391
0.300255
0.301175
0.302153
0.303191
0.304291
0.305455
0.306684
0.30798
0.309344
0.310779
0.312285
0.313863
0.315515
0.317241
0.319043
0.320921
0.322875
0.324906
0.327014
0.3292
0.331464
0.333804
0.336222
0.338717
0.341288
0.343936
0.34666
0.349459
0.352332
0.355281
0.358303
0.3614
0.364569
0.367812
0.371127
0.374515
0.377976
0.38151
0.385118
0.3888
0.392556
0.396388
0.400297
0.404284
0.40835
0.412498
0.41673
0.421047
0.425452
0.429949
0.434538
0.439225
0.444012
0.448902
0.453899
0.459007
0.46423
0.469571
0.475035
0.480625
0.486345
0.4922
0.498193
0.504329
0.510609
0.517039
0.523621
0.530357
0.537252
0.544306
0.551521
0.5589
0.566443
0.57415
0.582021
0.590055
0.598252
0.606608
0.615122
0.62379
0.632607
0.64157
0.650671
0.659906
0.669266
0.678743
0.688329
0.698014
0.707787
0.717638
0.727554
0.737523
0.74753
0.757564
0.767607
0.777645
0.787663
0.797642
0.807568
0.817421
0.827184
0.83684
0.846369
0.855753
0.864974
0.874013
0.88285
0.891468
0.899847
0.90797
0.915818
0.923374
0.93062
0.937541
0.944119
0.950339
0.956187
0.961648
0.96671
0.97136
0.975586
0.979379
0.982728
0.985627
0.988067
0.990042
0.991548
0.992581
0.993138
0.993218
0.992822
0.991949
0.990604
0.988788
0.986507
0.983768
0.980575
0.976939
0.972868
0.968373
0.963464
0.958154
0.952455
0.946383
0.939951
0.933174
0.926069
0.918653
0.910942
0.902953
0.894706
0.886217
0.877506
0.86859
0.859489
0.850222
0.840806
0.83126
0.821603
0.811852
0.802025
0.79214
0.782214
0.772262
0.762301
0.752347
0.742413
0.732514
0.722664
0.712874
0.703157
0.693524
0.683986
0.674552
0.665231
0.656031
0.646959
0.638021
0.629224
0.620573
0.61207
0.603721
0.595528
0.587492
0.579616
0.5719
0.564344
0.556949
0.549713
0.542635
0.535713
0.528946
0.522331
0.515865
0.509545
0.503368
0.497331
0.49143
0.485662
0.480022
0.474507
0.469114
0.463838
0.458676
0.453625
0.44868
0.443839
0.439098
0.434454
0.429905
0.425447
0.421079
0.416799
0.412603
0.408491
0.404461
0.400511
0.39664
0.392849
0.389134
0.385497
0.381937
0.378454
0.375047
0.371716
0.368462
0.365286
0.362187
0.359165
0.356222
0.353357
0.350572
0.347866
0.34524
0.342694
0.340229
0.337845
0.335542
0.33332
0.331178
0.329118
0.327138
0.325237
0.323416
0.321673
0.320008
0.318418
0.316905
0.315465
0.314097
0.3128
0.311572
0.310411
0.309315
0.308282
0.30731
0.306397
0.305541
0.304738
0.303988
0.303288
0.302635
0.302028
0.301463
0.30094
0.300456
0.300009
0.299597
0.299219
0.298873
0.298558
0.298273
0.298016
0.297786
0.297583
0.297407
0.297257
0.297133
0.297034
0.296962
0.296917
0.296899
0.29691
0.29695
0.29702
0.297121
0.297257
0.297426
0.297633
0.297878
0.298163
0.298491
0.298863
0.299282
0.299749
0.300267
0.300839
0.301465
0.302149
0.302892
0.303697
0.304565
0.305498
0.306497
0.307565
0.308703
0.309912
0.311194
0.312549
0.313979
0.315483
0.317063
0.31872
0.320452
0.322262
0.324148
0.32611
0.328149
0.330263
0.332453
0.334717
0.337056
0.339468
0.341952
0.344509
0.347136
0.349834
0.352601
0.355437
0.358341
0.361312
0.36435
0.367455
0.370627
0.373864
0.377168
0.380539
0.383977
0.387482
0.391056
0.394699
0.398414
0.402201
0.406062
0.409999
0.414015
0.418112
0.422292
0.426559
0.430916
0.435365
0.439911
0.444557
0.449307
0.454164
0.459133
0.464218
0.469422
0.474751
0.480206
0.485794
0.491517
0.49738
0.503385
0.509537
0.515838
0.522292
0.5289
0.535666
0.54259
0.549675
0.556921
0.564329
0.571899
0.579629
0.58752
0.595569
0.603773
0.61213
0.620636
0.629287
0.638078
0.647002
0.656053
0.665225
0.674508
0.683895
0.693376
0.702942
0.71258
0.722281
0.732032
0.74182
0.751632
0.761454
0.771273
0.781072
0.790838
0.800555
0.810205
0.819774
0.829244
0.838599
0.847822
0.856896
0.865804
0.874528
0.883053
0.89136
0.899433
0.907257
0.914814
0.92209
0.929069
0.935736
0.942077
0.948078
0.953726
0.959009
0.963916
0.968435
0.972557
0.976272
0.979572
0.98245
0.984899
0.986915
0.988492
0.989626
0.990317
0.990562
0.990361
0.989715
0.988625
0.987095
0.985127
0.982727
0.9799
0.976653
0.972993
0.96893
0.964471
0.959628
0.954412
0.948833
0.942904
0.936639
0.93005
0.923152
0.91596
0.908489
0.900753
0.892769
0.884553
0.876121
0.86749
0.858675
0.849695
0.840564
0.8313
0.82192
0.812438
0.802873
0.793238
0.78355
0.773824
0.764075
0.754317
0.744564
0.734828
0.725124
0.715464
0.705858
0.696319
0.686857
0.677481
0.668202
0.659027
0.649965
0.641022
0.632207
0.623524
0.614979
0.606577
0.598322
0.590217
0.582266
0.57447
0.566832
0.559352
0.552032
0.544872
0.537871
0.531029
0.524345
0.517818
0.511446
0.505226
0.499157
0.493235
0.487459
0.481825
0.47633
0.47097
0.465743
0.460645
0.455672
0.450822
0.446089
0.441471
0.436965
0.432567
0.428274
0.424082
0.419988
0.41599
0.412084
0.408268
0.40454
0.400896
0.397335
0.393855
0.390453
0.387128
0.383879
0.380704
0.377601
0.37457
0.37161
0.368719
0.365898
0.363145
0.36046
0.357843
0.355294
0.352811
0.350396
0.348047
0.345766
0.343551
0.341404
0.339323
0.337309
0.335362
0.333481
0.331668
0.329921
0.32824
0.326626
0.325078
0.323595
0.322178
0.320825
0.319536
0.318311
0.317149
0.316049
0.31501
0.314031
0.313111
0.31225
0.311446
0.310698
0.310005
