0.577955
0.567571
0.557479
0.54768
0.538175
0.528961
0.520033
0.511389
0.503021
0.494922
0.487085
0.479501
0.472162
0.465057
0.458177
0.451512
0.445053
0.43879
0.432713
0.426814
0.421084
0.415515
0.410099
0.404829
0.3997
0.394706
0.389842
0.385103
0.380487
0.375991
0.371613
0.367351
0.363205
0.359173
0.355257
0.351456
0.347772
0.344205
0.340757
0.33743
0.334223
0.33114
0.32818
0.325346
0.322638
0.320056
0.317601
0.315274
0.313073
0.310998
0.309048
0.30722
0.305514
0.303927
0.302456
0.301097
0.299849
0.298706
0.297664
0.296721
0.295871
0.295111
0.294436
0.293841
0.293323
0.292878
0.292501
0.29219
0.291941
0.291751
0.291618
0.29154
0.291516
0.291545
0.291625
0.291758
0.291944
0.292183
0.292479
0.292831
0.293244
0.293721
0.294263
0.294876
0.295563
0.296328
0.297175
0.29811
0.299136
0.300258
0.301481
0.302808
0.304244
0.305793
0.307458
0.309242
0.311149
0.313181
0.31534
0.317629
0.320047
0.322597
0.325279
0.328092
0.331038
0.334115
0.337323
0.340661
0.344128
0.347722
0.351443
0.355289
0.359259
0.363354
0.367571
0.371912
0.376376
0.380963
0.385676
0.390517
0.395486
0.400589
0.405828
0.411208
0.416734
0.422412
0.428249
0.434253
0.44043
0.446789
0.453339
0.460089
0.467048
0.474227
0.481634
0.489279
0.497171
0.505319
0.513731
0.522415
0.531376
0.540622
0.550155
0.55998
0.570097
0.580506
0.591205
0.60219
0.613455
0.624992
0.636791
0.648837
0.661118
0.673613
0.686305
0.69917
0.712183
0.725318
0.738545
0.751833
0.765148
0.778455
0.791716
0.804893
0.817947
0.830835
0.843516
0.855948
0.868087
0.87989
0.891314
0.902318
0.912858
0.922894
0.932386
0.941297
0.949591
0.957233
0.964191
0.970437
0.975943
0.980686
0.984647
0.987807
0.990153
0.991674
0.992364
0.992221
0.991244
0.989437
0.986809
0.983371
0.979138
0.974128
0.968362
0.961865
0.954664
0.94679
0.938275
0.929154
0.919464
0.909242
0.898529
0.887367
0.875797
0.863862
0.851605
0.839069
0.826297
0.813332
0.800216
0.786988
0.773689
0.760357
0.747028
0.733738
0.720519
0.707402
0.694416
0.681587
0.66894
0.656495
0.644273
0.63229
0.62056
0.609096
0.597908
0.587002
0.576386
0.566061
0.55603
0.546292
0.536845
0.527686
0.518811
0.510212
0.501884
0.493819
0.486008
0.478443
0.471113
0.464009
0.457123
0.450443
0.443962
0.437669
0.431555
0.425614
0.419836
0.414215
0.408744
0.403417
0.398229
0.393177
0.388255
0.383462
0.378794
0.37425
0.36983
0.365531
0.361354
0.3573
0.353368
0.349561
0.345878
0.342321
0.338891
0.335589
0.332417
0.329375
0.326464
0.323685
0.321037
0.318521
0.316136
0.313881
0.311755
0.309756
0.307882
0.306129
0.304497
0.30298
0.301576
0.30028
0.299089
0.297999
0.297004
0.296101
0.295285
0.294551
0.293896
0.293315
0.292805
0.292361
0.29198
0.29166
0.291398
0.291192
0.29104
0.290941
0.290896
0.290902
0.290963
0.291077
0.291247
0.291475
0.291762
0.292113
0.29253
0.293017
0.293577
0.294214
0.294934
0.295739
0.296635
0.297625
0.298714
0.299907
0.301206
0.302616
0.30414
0.305781
0.307542
0.309426
0.311434
0.313568
0.315829
0.318218
0.320736
0.323382
0.326156
0.329057
0.332085
0.335239
0.338517
0.341918
0.345441
0.349084
0.352847
0.356728
0.360727
0.364843
0.369076
0.373428
0.377898
0.382489
0.387203
0.392043
0.397013
0.402116
0.407359
0.412746
0.418284
0.423981
0.429844
0.435881
0.442102
0.448515
0.455131
0.461959
0.469009
0.47629
0.483814
0.491589
0.499624
0.507928
0.516508
0.525372
0.534524
0.54397
0.553712
0.563752
0.57409
0.584724
0.59565
0.606862
0.618352
0.63011
0.642123
0.654376
0.666852
0.679532
0.692393
0.70541
0.718558
0.731807
0.745127
0.758484
0.771844
0.78517
0.798424
0.811567
0.824558
0.837355
0.849917
0.862201
0.874165
0.885765
0.89696
0.907708
0.917968
0.927701
0.936869
0.945435
0.953365
0.960626
0.96719
0.973028
0.978116
0.982434
0.985961
0.988685
0.990592
0.991675
0.99193
0.991355
0.989952
0.987728
0.984692
0.980857
0.97624
0.97086
0.964739
0.957904
0.950382
0.942205
0.933405
0.924017
0.91408
0.90363
0.89271
0.881359
0.869619
0.857534
0.845144
0.832495
0.819626
0.806582
0.793401
0.780126
0.766794
0.753442
0.740108
0.726825
0.713624
0.700537
0.68759
0.67481
0.66222
0.649841
0.637692
0.625789
0.614145
0.602773
0.591681
0.580877
0.570366
0.56015
0.550232
0.540609
0.531281
0.522243
0.51349
0.505016
0.496814
0.488877
0.481194
0.473758
0.466558
0.459585
0.45283
0.446281
0.43993
0.433767
0.427784
0.421972
0.416322
0.410829
0.405484
0.400282
0.395219
0.390288
0.385487
0.380812
0.376262
0.371833
0.367525
0.363338
0.359271
0.355324
0.351499
0.347795
0.344215
0.340759
0.337429
0.334226
0.331152
0.328206
0.325391
0.322708
0.320155
0.317734
0.315444
0.313284
0.311254
0.30935
0.307573
0.305918
0.304384
0.302966
0.301662
0.300468
0.299379
0.298391
0.2975
0.296702
0.295991
0.295364
0.294815
0.294341
0.293937
0.293599
0.293325
0.29311
0.292953
0.292851
0.292802
0.292804
0.292858
0.292963
0.293119
0.293328
0.29359
0.293907
0.294283
0.294719
0.295219
0.295787
0.296426
0.297141
0.297936
0.298815
0.299784
0.300846
0.302006
0.303269
0.30464
0.306121
0.307717
0.309432
0.311268
0.313229
0.315317
0.317534
0.319881
0.322361
0.324973
0.327719
0.330598
0.33361
0.336755
0.340032
0.343441
0.34698
0.350648
0.354445
0.35837
0.362422
0.3666
0.370905
0.375337
0.379896
0.384584
0.389403
0.394354
0.399442
0.404669
0.410041
0.415561
0.421237
0.427073
0.433078
0.439258
0.445623
0.45218
0.458937
0.465906
0.473093
0.48051
0.488165
0.496066
0.504223
0.512644
0.521335
0.530303
0.539554
0.549091
0.558918
0.569036
0.579444
0.59014
0.601121
0.612381
0.62391
0.6357
0.647737
0.660006
0.67249
0.68517
0.698022
0.711024
0.724147
0.737363
0.750642
0.763949
0.77725
0.790509
0.803686
0.816744
0.82964
0.842334
0.854783
0.866945
0.878777
0.890236
0.901281
0.911869
0.921961
0.931517
0.9405
0.948872
0.956601
0.963655
0.970004
0.975623
0.980486
0.984574
0.98787
0.990359
0.992031
0.992879
0.992899
0.992092
0.990461
0.988013
0.98476
0.980715
0.975896
0.970325
0.964023
0.957019
0.949342
0.941023
0.932097
0.922599
0.912567
0.902041
0.891061
0.879669
0.867906
0.855815
0.843438
0.830818
0.817998
0.805017
0.791917
0.778738
0.765516
0.752289
0.739091
0.725955
0.712912
0.699991
0.687218
0.674618
0.662212
0.650021
0.638061
0.626348
0.614894
0.603709
0.592802
0.582179
0.571844
0.561799
0.552045
0.542579
0.533401
0.524505
0.515887
0.50754
0.499457
0.491631
0.484053
0.476715
0.469606
0.462719
0.456045
0.449573
0.443296
0.437205
0.431291
0.425548
0.419968
0.414545
0.409273
0.404146
0.399161
0.394312
0.389598
0.385014
0.380559
0.376232
0.372031
0.367956
0.364006
0.360181
0.356481
0.352907
0.349459
0.346139
0.342945
0.33988
0.336942
0.334133
0.331451
0.328897
0.326471
0.32417
0.321993
0.31994
0.318007
0.316193
0.314494
0.312908
0.311431
0.310059
0.30879
0.307618
0.306539
0.305551
0.304648
0.303826
0.303082
0.302411
0.30181
0.301275
0.300805
0.300394
0.300043
0.299748
0.299509
0.299324
0.299193
0.299116
0.299094
0.299128
0.299219
0.29937
0.299583
0.299861
0.300207
0.300625
0.30112
0.301694
0.302353
0.303101
0.303942
0.304881
0.305922
0.30707
0.308329
0.309703
0.311195
0.312809
0.314548
0.316414
0.318411
0.320539
0.322801
0.325197
0.327728
0.330395
0.333197
0.336134
0.339205
0.34241
0.345747
0.349215
0.352813
0.35654
0.360395
0.364375
0.368482
0.372713
0.377069
0.381549
0.386156
0.390888
0.395749
0.400741
0.405866
0.411128
0.416531
0.42208
0.42778
0.433639
0.439661
0.445855
0.452228
0.458789
0.465545
0.472505
0.479678
0.487073
0.494698
0.502562
0.510671
0.519035
0.527658
0.536548
0.545708
0.555142
0.564854
0.574842
0.585108
0.595648
0.606459
0.617533
0.628864
0.64044
0.652251
0.66428
0.676511
0.688926
0.701503
0.714219
0.727048
0.739962
0.752932
0.765927
0.778914
0.791856
0.80472
0.817466
0.830056
0.842451
0.854611
0.866495
0.878063
0.889275
0.90009
0.910469
0.920372
0.929764
0.938606
0.946866
0.954509
0.961506
0.967828
0.973449
0.978346
0.982498
0.985888
0.988501
0.990327
0.991357
0.991587
0.991016
0.989645
0.987481
0.984532
0.98081
0.976331
0.971113
0.965177
0.958548
0.951251
0.943318
0.934778
0.925665
0.916015
0.905864
0.895251
0.884214
0.872794
0.861032
0.848968
0.836643
0.824098
0.811373
0.798509
0.785543
0.772514
0.759458
0.746411
0.733404
0.720471
0.707641
0.69494
0.682396
0.670032
0.657867
0.645923
0.634215
0.622757
0.611562
0.600641
0.59
0.579646
0.569582
0.559811
0.550333
0.541147
0.532249
0.523636
0.515302
0.50724
0.499444
0.491905
0.484614
0.477562
0.470739
0.464135
0.457742
0.451547
0.445543
0.439719
0.434066
0.428575
0.423239
0.41805
0.413
0.408083
0.403294
0.398627
0.394078
0.389644
0.38532
0.381105
0.376998
0.372996
0.369099
0.365307
0.361619
0.358037
0.354562
0.351193
0.347933
0.344782
0.341742
0.338815
0.336001
0.333303
0.330719
0.328253
0.325904
0.323672
0.321558
0.319561
0.317682
0.315918
0.31427
0.312736
0.311313
0.310002
0.308798
0.3077
0.306707
0.305814
0.30502
0.304322
0.303717
0.303203
0.302778
0.302439
0.302184
0.302011
0.301919
0.301905
0.301969
0.30211
0.302327
0.302621
0.30299
0.303437
0.303961
0.304563
0.305245
0.306009
0.306857
0.307789
0.30881
0.309921
0.311126
0.312426
0.313824
0.315324
0.316927
0.318637
