0.136571
0.13582
0.135122
0.13443
0.1337
0.13289
0.131966
0.130903
0.129682
0.128296
0.126747
0.125047
0.123218
0.121289
0.119295
0.117275
0.115272
0.113328
0.111484
0.109775
0.108231
0.106877
0.105725
0.10478
0.104039
0.103487
0.103103
0.102856
0.10271
0.102627
0.102564
0.102479
0.102333
0.102091
0.101721
0.101203
0.100523
0.0996745
0.0986637
0.097504
0.0962175
0.0948337
0.0933879
0.0919192
0.0904688
0.0890778
0.0877851
0.0866254
0.0856272
0.0848119
0.0841921
0.083771
0.0835427
0.0834917
0.0835943
0.0838192
0.0841294
0.084484
0.0848402
0.0851552
0.085389
0.0855057
0.0854759
0.0852781
0.0848996
0.0843376
0.0835995
0.0827019
0.0816707
0.0805395
0.079348
0.07814
0.0769614
0.0758577
0.0748719
0.0740421
0.0733995
0.072967
0.0727576
0.0727737
0.0730068
0.0734379
0.0740382
0.0747703
0.07559
0.0764487
0.0772952
0.078079
0.0787521
0.0792721
0.079604
0.0797226
0.0796134
0.079274
0.0787144
0.0779568
0.0770345
0.0759907
0.0748767
0.0737492
0.0726676
0.0716914
0.0708768
0.0702741
0.0699244
0.0698583
0.0700928
0.070631
0.0714609
0.072556
0.0738756
0.0753668
0.0769666
0.0786045
0.0802063
0.081697
0.0830053
0.0840667
0.0848275
0.085248
0.085305
0.0849937
0.0843296
0.0833481
0.0821043
0.0806717
0.0791395
0.0776096
0.0761925
0.0750031
0.0741555
0.0737582
0.0739089
0.0746896
0.0761626
0.0783666
0.0813135
0.0849871
0.0893423
0.0943049
0.0997738
0.105624
0.111708
0.117866
0.123926
0.129712
0.135051
0.139779
0.14375
0.146837
0.148942
0.149998
0.149976
0.148881
0.146759
0.143692
0.139799
0.135231
0.130165
0.124803
0.11936
0.114058
0.10912
0.104761
0.10118
0.0985533
0.0970279
0.0967155
0.0976892
0.0999801
0.103576
0.108422
0.114421
0.121439
0.129308
0.137833
0.146798
0.155974
0.165126
0.174023
0.182445
0.190189
0.197078
0.202966
0.207742
0.211335
0.213714
0.214888
0.214906
0.213855
0.211853
0.209048
0.205609
0.201719
0.19757
0.193356
0.189261
0.185459
0.182103
0.179324
0.177221
0.175865
0.175292
0.175507
0.176482
0.178159
0.180455
0.183265
0.186466
0.189927
0.193508
0.197074
0.200494
0.20365
0.206438
0.208779
0.210613
0.211907
0.212653
0.212867
0.212589
0.211883
0.210825
0.209511
0.208042
0.206525
0.205066
0.203768
0.202722
0.202008
0.201689
0.20181
0.202394
0.203446
0.20495
0.206871
0.209157
0.211742
0.21455
0.217499
0.220503
0.223477
0.226343
0.229028
0.231473
0.233635
0.235483
0.237005
0.238206
0.239106
0.239742
0.240163
0.240429
0.240605
0.240763
0.240973
0.241306
0.241821
0.242574
0.243605
0.244944
0.246605
0.248588
0.250877
0.253447
0.256255
0.259255
0.262389
0.265598
0.268822
0.272004
0.275091
0.278041
0.280821
0.28341
0.285802
0.288004
0.290038
0.291938
0.293749
0.295523
0.29732
0.299203
0.301232
0.303463
0.305945
0.308715
0.311797
0.315199
0.318909
0.322899
0.327123
0.331515
0.335995
0.340469
0.344833
0.348976
0.352787
0.356154
0.358973
0.361152
0.362612
0.363296
0.363165
0.362208
0.360436
0.357889
0.354631
0.35075
0.346357
0.34158
0.336561
0.331454
0.326417
0.321606
0.317173
0.313261
0.309993
0.307479
0.3058
0.305014
0.305154
0.306222
0.308193
0.311018
0.31462
0.318905
0.323759
0.329059
0.33467
0.340457
0.346286
0.35203
0.357573
0.362813
0.36767
0.37208
0.376003
0.379424
0.382345
0.384794
0.386814
0.388466
0.389822
0.390965
0.39198
0.392952
0.393965
0.395092
0.396395
0.397925
0.399714
0.401776
0.40411
0.406692
0.409487
0.412441
0.41549
0.418558
0.421566
0.424432
0.427077
0.429424
0.431409
0.432978
0.434092
0.43473
0.434885
0.434572
0.43382
0.432675
0.431198
0.429459
0.427538
0.425518
0.423481
0.421508
0.419669
0.418026
0.416624
0.415492
0.41464
0.414058
0.413715
0.413562
0.413529
0.413535
0.413482
0.413266
0.412778
0.411907
0.41055
0.408612
0.406011
0.402686
0.398594
0.393719
0.38807
0.381684
0.374624
0.366981
0.358868
0.350421
0.341792
0.333149
0.324664
0.316513
0.308872
0.301903
0.295759
0.29057
0.286446
0.283467
0.281684
0.281117
0.281751
0.283542
0.286411
0.290252
0.294932
0.300298
0.306178
0.312388
0.318737
0.325034
0.331093
0.336736
0.341802
0.346147
0.349651
0.35222
0.353788
0.354318
0.3538
0.352255
0.34973
0.346295
0.342041
0.337079
0.331531
0.325529
0.319209
0.312708
0.306159
0.299686
0.293404
0.287412
0.281793
0.276612
0.271917
0.267734
0.264072
0.260923
0.258262
0.25605
0.254237
0.252764
0.251567
0.250577
0.249726
0.248947
0.248178
0.247363
0.246454
0.245413
0.244211
0.24283
0.24126
0.239503
0.237569
0.235476
0.233246
0.230909
0.228495
0.226039
0.223574
0.221132
0.218742
0.21643
0.214219
0.212124
0.210159
0.208328
0.206634
0.205073
0.203637
0.202316
0.201096
0.199961
0.198895
0.197881
0.196902
0.195943
0.19499
0.19403
0.193054
0.192055
0.191025
0.189963
0.188865
0.187733
0.186567
0.18537
0.184144
0.182892
0.181617
0.180322
0.179011
0.177686
0.176349
0.175004
0.173653
0.172299
0.170947
0.169601
0.168268
0.166955
0.165671
0.164427
0.163233
0.162104
0.161052
0.160092
0.159239
0.158506
0.157906
0.15745
0.157148
0.157005
0.157024
0.157203
0.157538
0.158019
0.158632
0.159358
0.160177
0.161063
0.161988
0.162922
0.163834
0.164692
0.165467
0.166128
0.166651
0.167013
0.167195
0.167186
0.166977
0.166567
0.16596
0.165168
0.164205
0.163092
0.161855
0.160521
0.159123
0.157693
0.156263
0.154865
0.15353
0.152285
0.151152
0.150152
0.149297
0.148596
0.148053
0.147663
0.147419
0.147308
0.147312
0.147412
0.147583
0.147802
0.148044
0.148284
0.148499
0.148669
0.148775
0.148806
0.148751
0.148606
0.148372
0.148051
0.147654
0.147193
0.146683
0.146143
0.145591
0.145048
0.144534
0.144068
0.143666
0.143342
0.143108
0.142971
0.142934
0.142997
0.143155
0.143399
0.143719
0.1441
0.144526
0.144979
0.145442
0.145897
0.146327
0.146717
0.147056
0.147334
0.147546
0.147688
0.147764
0.147776
0.147735
0.147651
0.147538
0.147411
0.147286
0.14718
0.147109
0.147087
0.147126
0.147237
0.147426
0.147697
0.148048
0.148476
0.148972
0.149526
0.150124
0.15075
0.151385
0.152011
0.152609
0.153161
0.153652
0.154067
0.154395
0.154629
0.154765
0.154804
0.15475
0.154613
0.154405
0.154143
0.153845
0.153532
0.153227
0.152951
0.152729
0.152579
0.152522
0.152572
0.152742
0.15304
0.15347
0.15403
0.154715
0.155514
0.156413
0.157395
0.158438
0.159518
0.160611
0.161691
0.162734
0.163715
0.164613
0.165409
0.166086
0.166634
0.167045
0.167316
0.167448
0.167447
0.167324
0.167091
0.166764
0.166362
0.165905
0.165414
0.164908
0.164407
0.163929
0.163489
0.163099
0.162769
0.162504
0.162306
0.162174
0.162101
0.162081
0.162101
0.162149
0.16221
0.162268
0.162309
0.162317
0.16228
0.162184
0.162023
0.161788
0.161479
0.161094
0.160639
0.160119
0.159547
0.158934
0.158296
0.157651
0.157016
0.15641
0.155853
0.155361
0.154951
0.154639
0.154436
0.154352
0.154395
0.154567
0.15487
0.155302
0.155857
0.156531
0.157312
0.158191
0.159157
0.160198
0.161302
0.162458
0.163656
0.164887
0.166143
0.167419
0.168712
0.17002
0.171342
0.172681
0.17404
0.175423
0.176835
0.178281
0.179767
0.181296
0.182873
0.1845
0.186179
0.187908
0.189686
0.191508
0.193369
0.195261
0.197176
0.199105
0.201037
0.202963
0.204871
0.206753
0.208601
0.210407
0.212166
0.213875
0.215533
0.217141
0.218705
0.220228
0.221721
0.223193
0.224656
0.226122
0.227607
0.229123
0.230686
0.232309
0.234004
0.235783
0.237656
0.23963
0.241711
0.243902
0.246204
0.248615
0.251133
0.253751
0.256462
0.259257
0.262127
0.265061
0.268047
0.271074
0.274131
0.277207
0.280292
0.283376
0.286452
0.289511
0.292549
0.295558
0.298537
0.30148
0.304386
0.307253
0.310079
0.312863
0.315605
0.318302
0.320956
0.323564
0.326127
0.328643
0.331113
0.333536
0.335913
0.338243
0.340529
0.342773
0.344978
0.347146
0.349284
0.351394
0.353484
0.355558
0.357623
0.359684
0.361746
0.363811
0.365882
0.367958
0.370037
0.372111
0.374174
0.376211
0.378208
0.380143
0.381995
0.383738
0.385342
0.386777
0.388011
0.389012
0.389747
0.390186
0.390302
0.390072
0.389476
0.388501
0.387143
0.385403
0.383292
0.380829
0.378043
0.374971
0.371658
0.36816
0.364538
0.360858
0.357192
0.353617
0.350208
0.347041
0.344191
0.341726
0.339711
0.338201
0.337242
0.336869
0.337106
0.337962
0.339434
0.341505
0.344145
0.347311
0.350946
0.354986
0.359354
0.363968
0.368739
0.373575
0.378383
0.383071
0.387551
0.391739
0.395559
0.398943
0.401836
0.404192
0.405979
0.407176
0.407776
0.407785
0.407219
0.406107
0.404487
0.402403
0.399908
0.397059
0.393915
0.390535
0.38698
0.383304
0.379562
0.375797
0.372052
0.368357
0.364737
0.361209
0.357781
0.354454
0.351222
0.348072
0.344989
0.341951
0.338936
0.33592
0.332881
0.329797
0.32665
0.323426
0.320114
0.316709
0.313214
0.309634
0.305981
0.302271
0.298527
0.294771
0.291031
0.287334
0.283707
0.280178
0.27677
0.273503
0.270394
0.267452
0.264683
0.262085
0.259649
0.257363
0.255205
0.253152
0.251174
0.24924
0.247316
0.245367
0.24336
0.241265
0.239055
0.236707
0.234207
0.231544
0.22872
0.225742
0.222624
0.219393
0.216081
0.212726
0.209375
0.206078
0.202889
0.199865
0.19706
0.19453
0.192326
0.190494
0.189074
0.188095
0.187582
0.187544
0.187984
0.188892
0.190245
0.192012
0.194149
0.196606
0.199321
0.202229
0.205258
0.208333
0.211377
0.214316
0.217076
0.219588
0.22179
0.223627
0.225051
0.226027
0.226528
0.226538
0.226055
0.225085
0.223645
0.221763
0.219475
0.216825
0.213863
0.210643
0.207225
0.203667
0.20003
0.196372
