0.163219
0.160792
0.159268
0.158648
0.158894
0.159929
0.161641
0.163891
0.166517
0.169344
0.172186
0.174864
0.177205
0.179057
0.180291
0.18081
0.180551
0.17949
0.177642
0.17506
0.171832
0.16808
0.163949
0.159605
0.155226
0.150993
0.147081
0.143653
0.140851
0.138789
0.137549
0.137174
0.13767
0.139004
0.141102
0.143857
0.147132
0.150766
0.15458
0.158388
0.162004
0.16525
0.167966
0.170018
0.171301
0.171748
0.171334
0.170072
0.16802
0.165274
0.161966
0.158257
0.15433
0.150385
0.146625
0.14325
0.140444
0.138373
0.137168
0.136925
0.1377
0.139499
0.142285
0.145973
0.150438
0.155516
0.161013
0.166713
0.172386
0.177803
0.182742
0.187001
0.190407
0.192825
0.194165
0.194388
0.193509
0.191596
0.188772
0.185207
0.181112
0.176733
0.172339
0.168211
0.164626
0.161849
0.160119
0.159634
0.160547
0.16295
0.166873
0.17228
0.179064
0.187056
0.196025
0.205689
0.215723
0.225776
0.235483
0.244482
0.252429
0.259018
0.263992
0.267159
0.268404
0.2677
0.265107
0.260784
0.254978
0.248025
0.240338
0.232397
0.224727
0.217886
0.212442
0.20895
0.20793
0.209847
0.215086
0.223938
0.236583
0.253074
0.273332
0.297143
0.324156
0.353889
0.385744
0.419018
0.452921
0.486604
0.519182
0.54976
0.577463
0.601465
0.621018
0.635475
0.644313
0.647157
0.643789
0.63416
0.618399
0.596806
0.569848
0.538147
0.502468
0.463687
0.422779
0.38078
0.338761
0.297797
0.258935
0.223166
0.191393
0.16441
0.142877
0.127307
0.118046
0.115277
0.119008
0.12908
0.145178
0.166838
0.193471
0.224381
0.258787
0.295855
0.334717
0.374502
0.414361
0.453492
0.491159
0.526714
0.559607
0.589402
0.61578
0.638545
0.657615
0.673024
0.684908
0.693492
0.699077
0.702023
0.702728
0.701613
0.699103
0.695608
0.691509
0.687147
0.682807
0.678715
0.67503
0.671846
0.669187
0.66702
0.665252
0.663747
0.662332
0.660809
0.658968
0.6566
0.653508
0.649517
0.644484
0.638309
0.630932
0.622346
0.612593
0.601762
0.589989
0.577447
0.564344
0.550911
0.537393
0.524042
0.511102
0.498804
0.487356
0.476932
0.467671
0.459669
0.452975
0.447596
0.443489
0.440574
0.438728
0.4378
0.437613
0.43797
0.43867
0.439508
0.440289
0.440831
0.440976
0.440594
0.439586
0.437888
0.435471
0.432345
0.42855
0.424158
0.419269
0.414
0.408486
0.402868
0.39729
0.39189
0.386794
0.382113
0.377936
0.374327
0.371324
0.368937
0.367149
0.365916
0.365171
0.364827
0.364784
0.364927
0.36514
0.365305
0.36531
0.365052
0.364445
0.363418
0.361923
0.359932
0.357441
0.354468
0.35105
0.347246
0.343127
0.338777
0.334287
0.329752
0.325263
0.320909
0.316768
0.312904
0.309369
0.306194
0.303394
0.300966
0.298888
0.297123
0.29562
0.294317
0.293143
0.292025
0.290888
0.289661
0.28828
0.286689
0.284846
0.282722
0.280305
0.277597
0.274616
0.271395
0.267979
0.264424
0.260793
0.257154
0.253576
0.250127
0.246868
0.243854
0.241128
0.238721
0.236649
0.234917
0.23351
0.232405
0.231561
0.23093
0.230456
0.230074
0.229722
0.229333
0.228848
0.228214
0.227385
0.226328
0.225023
0.223464
0.221658
0.219626
0.217403
0.215034
0.212573
0.210083
0.207627
0.205271
0.203079
0.201109
0.19941
0.198024
0.196978
0.196286
0.19595
0.195954
0.196273
0.196866
0.197683
0.198665
0.199748
0.200864
0.201946
0.202929
0.203754
0.204372
0.204742
0.204836
0.204641
0.204155
0.203393
0.202381
0.201156
0.199766
0.198268
0.196721
0.195188
0.193732
0.19241
0.191275
0.190371
0.189732
0.189377
0.189317
0.189547
0.19005
0.190797
0.19175
0.192864
0.194085
0.19536
0.196633
0.197854
0.198976
0.199963
0.200788
0.201437
0.201908
0.202215
0.202385
0.202457
0.202483
0.202522
0.202643
0.202915
0.203411
0.204199
0.205341
0.206888
0.208881
0.211344
0.214283
0.217689
0.221529
0.225754
0.230298
0.235075
0.239989
0.24493
0.249783
0.254428
0.258748
0.262627
0.265963
0.268665
0.270657
0.271885
0.272316
0.271941
0.270774
0.268855
0.266245
0.263027
0.259303
0.25519
0.250817
0.246321
0.24184
0.237512
0.233471
0.229837
0.226719
0.224208
0.222377
0.221276
0.220932
0.221352
0.222519
0.224396
0.226927
0.230042
0.233655
0.237675
0.242003
0.24654
0.251188
0.255857
0.260464
0.264938
0.269223
0.273275
0.27707
0.280596
0.283858
0.286874
0.289673
0.292295
0.294785
0.297193
0.299569
0.30196
0.304408
0.306949
0.309605
0.312392
0.315309
0.318343
0.32147
0.324654
0.327847
0.330993
0.334032
0.336899
0.339528
0.341859
0.343835
0.345409
0.346545
0.347221
0.347429
0.347177
0.346493
0.345416
0.344006
0.342334
0.340484
0.338551
0.336634
0.334839
0.33327
0.33203
0.331214
0.330908
0.331187
0.33211
0.33372
0.336043
0.339088
0.342844
0.347282
0.352359
0.358016
0.364183
0.370777
0.377714
0.384901
0.392247
0.399663
0.407066
0.41438
0.42154
0.428492
0.435197
0.441629
0.447774
0.453636
0.459228
0.464577
0.469718
0.474694
0.479554
0.484348
0.489128
0.493941
0.498831
0.503834
0.508978
0.514277
0.519738
0.525352
0.531098
0.536944
0.542845
0.548745
0.55458
0.560277
0.565758
0.570942
0.575746
0.580088
0.583891
0.58708
0.589591
0.591367
0.592361
0.592539
0.591878
0.590369
0.588017
0.584838
0.580863
0.576133
0.570701
0.564632
0.557998
0.550879
0.543362
0.535538
0.527502
0.51935
0.511178
0.503081
0.495153
0.48748
0.480146
0.473227
0.46679
0.460897
0.455594
0.450923
0.446909
0.443568
0.440903
0.438906
0.437552
0.436809
0.436629
0.436955
0.437717
0.438838
0.440233
0.441809
0.443468
0.445112
0.446641
0.447955
0.448962
0.449571
0.449705
0.449293
0.448277
0.446616
0.44428
0.441257
0.437551
0.433182
0.428187
0.422616
0.416536
0.410023
0.403163
0.396051
0.388785
0.381466
0.374191
0.367057
0.36015
0.353548
0.347317
0.34151
0.336162
0.331294
0.326908
0.322992
0.319517
0.316437
0.313696
0.311226
0.308952
0.306792
0.304665
0.302488
0.300184
0.297683
0.294926
0.291864
0.288466
0.284713
0.280606
0.276162
0.271413
0.266407
0.261209
0.255892
0.25054
0.245243
0.240094
0.235186
0.23061
0.226447
0.222771
0.219642
0.217105
0.215189
0.213905
0.213246
0.213187
0.213682
0.214674
0.216088
0.217838
0.219828
0.221957
0.224121
0.226216
0.228141
0.229805
0.231124
0.232028
0.232462
0.232384
0.231774
0.230625
0.228949
0.226774
0.224144
0.221114
0.217751
0.21413
0.21033
0.206435
0.202525
0.198678
0.194968
0.191458
0.188203
0.185243
0.18261
0.18032
0.178377
0.176772
0.175488
0.174495
0.173755
0.173228
0.172867
0.172625
0.172457
0.172319
0.172175
0.171993
0.171751
0.171435
0.171041
0.170575
0.170049
0.169487
0.168915
0.16837
0.167887
0.167505
0.167264
0.167198
0.16734
0.167714
0.168338
0.169222
0.170365
0.171758
0.173381
0.175206
0.177197
0.179309
0.181494
0.183701
0.185874
0.187962
0.189914
0.191683
0.193232
0.194528
0.195549
0.196283
0.196728
0.196895
0.196802
0.196479
0.195962
0.195296
0.194531
0.193719
0.192915
0.19217
0.191536
0.191057
0.190772
0.190711
0.190897
0.191341
0.192045
0.193001
0.194191
0.195589
0.197161
0.198869
0.20067
0.202518
0.204367
0.206175
0.207901
0.209511
0.210977
0.212279
0.213407
0.214358
0.21514
0.215769
0.216269
0.216671
0.217012
0.217334
0.217678
0.218088
0.218607
0.219271
0.220115
0.221167
0.222444
0.223959
0.225713
0.227702
0.229909
0.232312
0.234882
0.237584
0.240381
0.243232
0.246096
0.248937
0.251719
0.254413
0.256996
0.259455
0.261785
0.263988
0.266077
0.268076
0.270014
0.271929
0.273863
0.275863
0.277977
0.280255
0.282741
0.285479
0.288504
0.291843
0.295516
0.299532
0.303888
0.308571
0.313559
0.318818
0.324306
0.329975
0.33577
0.341636
0.347515
0.35335
0.359092
0.364694
0.370121
0.375345
0.380353
0.385141
0.389721
0.394114
0.398357
0.402496
0.406586
0.410689
0.414872
0.419207
0.42376
0.428597
0.433776
0.439347
0.445346
0.451797
0.458708
0.46607
0.473857
0.482027
0.49052
0.499262
0.508165
0.51713
0.526051
0.534815
0.543309
0.551421
0.559045
0.566082
0.572446
0.578063
0.582878
0.586852
0.589967
0.592221
0.593636
0.594249
0.594115
0.593305
0.5919
0.589992
0.58768
0.585064
0.582245
0.579319
0.576376
0.573496
0.570746
0.56818
0.565837
0.563738
0.561889
0.560282
0.558893
0.557685
0.55661
0.555614
0.554636
0.553614
0.552486
0.551195
0.549688
0.547923
0.545869
0.543507
0.540833
0.537854
0.534593
0.531086
0.527379
0.52353
0.519603
0.515666
0.51179
0.508045
0.504496
0.5012
0.498205
0.495546
0.493244
0.491306
0.48972
0.488458
0.487477
0.486719
0.486111
0.48557
0.485006
0.484321
0.483418
0.4822
0.480575
0.47846
0.475783
0.472486
0.46853
0.463891
0.458566
0.452571
0.445943
0.438737
0.431023
0.422889
0.414434
0.405764
0.396993
0.388236
0.379607
0.371213
0.363155
0.355519
0.34838
0.341793
0.335798
0.330414
0.325641
0.321463
0.317843
0.31473
0.312061
0.309759
0.307742
0.305923
0.304215
0.302531
0.300794
0.298931
0.296884
0.294606
0.292067
0.289251
0.28616
0.282811
0.279235
0.275479
0.2716
0.267663
0.26374
0.259907
0.25624
0.25281
0.249684
0.246918
0.244558
0.242638
0.241174
0.240171
0.239614
0.239475
0.239712
0.240267
0.241074
0.242058
0.243136
0.244225
0.245239
0.246098
0.246727
0.247059
0.247038
0.246623
0.245784
0.244509
0.2428
0.240677
0.238171
0.235328
0.232205
0.228868
0.22539
0.221848
0.218319
0.214879
0.211599
0.208544
0.205768
0.203316
0.201218
0.199493
0.198145
0.197165
0.196532
0.196213
0.196164
0.196335
0.196669
0.197107
0.197589
0.198055
0.198453
0.198734
0.19886
