0.0226109
0.0225357
0.0230719
0.0241721
0.025763
0.027749
0.0300174
0.0324437
0.0348979
0.0372504
0.0393784
0.0411715
0.042537
0.0434043
0.0437274
0.0434877
0.0426941
0.0413825
0.0396142
0.0374723
0.0350581
0.0324857
0.0298768
0.0273549
0.0250391
0.0230386
0.0214476
0.0203405
0.0197689
0.0197587
0.020309
0.0213922
0.0229555
0.024923
0.0271996
0.0296754
0.0322311
0.0347433
0.0370909
0.0391603
0.0408515
0.0420827
0.0427939
0.0429508
0.0425457
0.0415988
0.040157
0.0382922
0.0360979
0.033685
0.0311768
0.0287033
0.0263948
0.0243761
0.0227602
0.021643
0.0210984
0.0211743
0.0218905
0.0232367
0.0251729
0.0276306
0.0305158
0.0337128
0.0370895
0.0405029
0.0438062
0.0468556
0.0495166
0.0516716
0.0532248
0.054108
0.0542842
0.0537506
0.0525388
0.0507154
0.0483791
0.0456574
0.0427014
0.0396798
0.0367715
0.0341574
0.0320128
0.0304986
0.0297534
0.0298869
0.0309731
0.0330465
0.036098
0.0400744
0.0448789
0.0503735
0.0563835
0.0627042
0.0691083
0.0753555
0.0812026
0.0864139
0.0907729
0.0940921
0.0962235
0.0970676
0.09658
0.0947773
0.0917406
0.0876157
0.0826119
0.0769981
0.0710957
0.0652704
0.0599208
0.055466
0.0523317
0.0509356
0.0516722
0.0548978
0.0609165
0.0699674
0.0822128
0.0977296
0.116503
0.138421
0.163276
0.190765
0.220496
0.251997
0.284723
0.318074
0.351409
0.38406
0.415353
0.444626
0.471247
0.494627
0.514246
0.529658
0.540509
0.546543
0.547614
0.543683
0.534825
0.521224
0.503167
0.481035
0.455294
0.426482
0.395193
0.36206
0.32774
0.292896
0.258181
0.22422
0.191597
0.160841
0.132415
0.106707
0.0840246
0.0645887
0.0485348
0.0359134
0.026693
0.0207668
0.01796
0.0180388
0.0207215
0.0256891
0.032597
0.0410871
0.0507984
0.0613783
0.0724912
0.0838274
0.0951099
0.106099
0.116597
0.126448
0.135541
0.143806
0.151213
0.157766
0.163503
0.168484
0.172791
0.176519
0.179769
0.182647
0.185252
0.187678
0.190006
0.192302
0.194618
0.196986
0.199421
0.201924
0.204477
0.207051
0.209607
0.212098
0.214472
0.216676
0.218661
0.220379
0.221793
0.22287
0.223592
0.22395
0.223946
0.223594
0.222918
0.221951
0.220732
0.219309
0.217729
0.216044
0.214303
0.212551
0.210831
0.209176
0.207615
0.206166
0.204838
0.203633
0.202541
0.201547
0.200628
0.199754
0.198893
0.198007
0.197061
0.196017
0.19484
0.193498
0.191966
0.190221
0.188248
0.186037
0.183587
0.180901
0.17799
0.17487
0.171561
0.168088
0.16448
0.160766
0.156977
0.153145
0.1493
0.145474
0.141695
0.137988
0.134377
0.130885
0.12753
0.12433
0.1213
0.118452
0.115799
0.113351
0.111118
0.109107
0.107328
0.105788
0.104492
0.103445
0.102653
0.102117
0.101837
0.101811
0.102033
0.102495
0.103185
0.104086
0.105177
0.106434
0.107828
0.109327
0.110896
0.112496
0.114088
0.11563
0.117082
0.118403
0.119557
0.120508
0.121226
0.121686
0.121867
0.121758
0.12135
0.120646
0.119652
0.118385
0.116864
0.115118
0.113179
0.111083
0.108869
0.106579
0.104256
0.10194
0.099672
0.0974883
0.0954223
0.0935025
0.0917519
0.0901876
0.0888208
0.0876561
0.0866921
0.0859215
0.0853318
0.0849057
0.0846219
0.0844561
0.0843821
0.0843724
0.0843992
0.084436
0.0844574
0.0844409
0.0843669
0.0842194
0.0839867
0.0836611
0.0832393
0.0827224
0.0821153
0.081427
0.0806694
0.0798572
0.0790074
0.0781382
0.0772688
0.0764185
0.0756059
0.0748485
0.0741621
0.0735605
0.0730545
0.0726526
0.0723597
0.0721777
0.0721054
0.0721385
0.0722696
0.0724887
0.0727838
0.0731405
0.0735432
0.0739753
0.0744197
0.0748594
0.0752778
0.0756597
0.075991
0.0762601
0.0764575
0.0765765
0.0766135
0.0765679
0.0764425
0.0762435
0.0759799
0.0756642
0.0753111
0.074938
0.074564
0.0742095
0.0738955
0.0736431
0.0734727
0.0734031
0.0734513
0.0736311
0.0739532
0.0744241
0.075046
0.0758165
0.0767281
0.0777686
0.0789214
0.0801653
0.0814755
0.0828241
0.0841814
0.0855163
0.0867978
0.0879961
0.0890839
0.0900376
0.0908384
0.0914734
0.0919365
0.0922292
0.092361
0.0923496
0.0922209
0.0920086
0.0917536
0.0915026
0.0913073
0.0912224
0.0913041
0.0916078
0.0921865
0.0930881
0.0943536
0.096015
0.0980938
0.100599
0.103525
0.106854
0.110552
0.11457
0.118844
0.1233
0.12785
0.132396
0.136835
0.141059
0.144959
0.148427
0.151363
0.153674
0.155279
0.156115
0.156132
0.155305
0.153627
0.151116
0.14781
0.143771
0.139085
0.133853
0.128198
0.122254
0.116167
0.110091
0.104181
0.0985907
0.0934686
0.0889519
0.0851635
0.0822078
0.0801679
0.0791027
0.0790451
0.0800005
0.0819472
0.084836
0.088592
0.0931166
0.0982901
0.103975
0.110021
0.116267
0.122548
0.128699
0.13456
0.139978
0.144817
0.148954
0.15229
0.154746
0.156269
0.15683
0.156429
0.155088
0.152854
0.149797
0.146004
0.141582
0.136646
0.131323
0.125742
0.120036
0.114331
0.10875
0.103402
0.0983857
0.0937831
0.0896596
0.0860627
0.0830212
0.0805459
0.0786302
0.0772516
0.0763737
0.0759482
0.0759178
0.0762191
0.0767851
0.0775483
0.0784434
0.0794098
0.0803935
0.0813495
0.0822424
0.083048
0.0837531
0.0843559
0.084865
0.0852989
0.0856842
0.0860543
0.0864475
0.0869051
0.087469
0.0881802
0.0890766
0.0901914
0.0915519
0.0931778
0.0950811
0.097265
0.0997245
0.102446
0.105409
0.108585
0.111941
0.115439
0.11904
0.122701
0.126381
0.130042
0.133646
0.137161
0.14056
0.143822
0.14693
0.149875
0.152655
0.155271
0.157729
0.160042
0.162221
0.164283
0.166245
0.168121
0.169926
0.171673
0.173369
0.175021
0.176628
0.178189
0.179695
0.181136
0.182498
0.183764
0.184917
0.185936
0.186803
0.187501
0.188015
0.188332
0.188445
0.188348
0.188044
0.187536
0.186836
0.185957
0.184918
0.183741
0.18245
0.18107
0.179627
0.178147
0.176653
0.175167
0.173706
0.172285
0.170913
0.169595
0.16833
0.167113
0.165935
0.164783
0.163641
0.162491
0.161313
0.160087
0.158796
0.157421
0.15595
0.154372
0.152681
0.150876
0.148961
0.146944
0.144839
0.142663
0.140438
0.138188
0.135938
0.133715
0.131545
0.129453
0.12746
0.125586
0.123844
0.122243
0.120787
0.119474
0.118296
0.117241
0.11629
0.115421
0.114611
0.113832
0.113056
0.112255
0.111405
0.110482
0.109466
0.108344
0.107106
0.105749
0.104275
0.102694
0.101019
0.0992711
0.0974727
0.0956509
0.0938342
0.0920519
0.0903325
0.088702
0.0871832
0.0857941
0.084547
0.0834477
0.082495
0.0816804
0.0809884
0.0803967
0.0798772
0.0793965
0.078918
0.0784026
0.0778108
0.0771043
0.0762477
0.0752102
0.0739673
0.0725021
0.0708063
0.0688814
0.0667386
0.0643994
0.061895
0.059266
0.0565606
0.0538341
0.0511465
0.0485607
0.0461407
0.0439489
0.042044
0.0404793
0.0392996
0.0385406
0.0382266
0.0383693
0.0389679
0.0400078
0.0414613
0.0432883
0.0454372
0.0478462
0.0504456
0.0531599
0.0559097
0.0586151
0.0611975
0.0635828
0.0657033
0.0675007
0.0689271
0.0699475
0.0705403
0.0706985
0.0704293
0.0697545
0.0687093
0.0673409
0.0657072
0.0638748
0.0619161
0.0599075
0.0579262
0.0560478
0.0543436
0.0528783
0.0517076
0.0508764
0.0504177
0.0503508
0.0506817
0.0514021
0.0524906
0.0539131
0.0556243
0.0575696
0.0596867
0.0619084
0.0641647
0.0663852
0.0685021
0.0704522
0.0721789
0.0736347
0.0747824
0.0755962
0.0760628
0.0761814
0.075964
0.0754341
0.0746266
0.0735855
0.0723631
0.0710174
0.0696101
0.0682048
0.0668642
0.0656481
0.0646114
0.0638024
0.063261
0.0630174
0.0630915
0.0634922
0.0642175
0.0652544
0.0665801
0.0681625
0.0699619
0.0719321
0.0740228
0.0761806
0.0783515
0.0804825
0.0825234
0.0844283
0.0861571
0.0876766
0.0889614
0.0899944
0.090767
0.0912789
0.091538
0.0915595
0.091365
0.0909816
0.0904403
0.0897751
0.0890214
0.0882145
0.0873886
0.0865755
0.0858038
0.0850978
0.0844771
0.0839563
0.0835448
0.083247
0.0830626
0.0829871
0.0830127
0.0831286
0.0833225
0.0835812
0.0838914
0.0842409
0.0846188
0.0850169
0.0854294
0.0858537
0.0862904
0.0867431
0.0872182
0.0877245
0.0882727
0.0888746
0.0895423
0.0902875
0.0911207
0.0920503
0.0930821
0.0942186
0.0954585
0.0967964
0.0982233
0.0997257
0.101287
0.102887
0.104503
0.106111
0.107687
0.109205
0.110642
0.111978
0.113195
0.114279
0.115221
0.116019
0.116675
0.117197
0.117601
0.117905
0.118136
0.118323
0.118497
0.118695
0.118952
0.119303
0.119782
0.12042
0.121244
0.122275
0.123529
0.125015
0.126732
0.128675
0.130829
0.133173
0.135678
0.13831
0.141031
0.143798
0.146565
0.149288
0.151922
0.154423
0.156754
0.158881
0.160776
0.162418
0.163797
0.164906
0.165752
0.166347
0.166711
0.166873
0.166866
0.16673
0.166507
0.166242
0.16598
0.165766
0.16564
0.16564
0.165797
0.166135
0.166672
0.167415
0.168363
0.169507
0.170829
0.172301
0.173889
0.175552
0.177244
0.178915
0.180513
0.181985
0.183281
0.184352
0.185154
0.18565
0.185809
0.185608
0.185035
0.184086
0.182768
0.181097
0.1791
0.176811
0.174273
0.171537
0.168657
0.165694
0.162709
0.159767
0.156929
0.154255
0.151803
0.149624
0.147762
0.146255
0.145131
0.144412
0.144107
0.144219
0.144739
0.145652
0.146931
0.148545
0.150455
0.152615
0.154976
0.157487
0.160092
0.162737
0.165365
0.167924
0.170363
0.172634
0.174693
0.176503
0.17803
0.179248
0.180135
0.180676
0.180863
0.180693
0.180169
0.179298
0.178095
0.176578
0.174767
0.172688
0.170369
0.16784
0.165133
0.16228
0.159314
0.156268
0.153174
0.150065
0.146969
0.143914
0.140926
0.138027
0.135239
0.132577
0.130055
0.127685
0.125472
0.123422
0.121533
0.119804
0.118228
0.116797
0.1155
0.114324
0.113254
0.112274
0.111367
0.110517
0.109705
0.108916
0.108134
0.107345
0.106537
0.105701
0.10483
0.103918
0.102964
0.10197
0.100938
0.0998761
0.098792
0.0976965
0.0966018
0.0955211
0.0944683
0.0934571
0.0925009
0.091612
0.0908013
0.0900773
0.0894466
0.0889128
0.0884766
0.0881358
0.0878851
0.0877164
0.0876186
0.0875785
0.0875809
0.087609
0.0876452
0.0876714
0.0876699
0.0876239
0.087518
0.0873391
0.0870762
0.0867216
0.0862706
0.0857219
0.0850779
0.084344
0.0835292
0.0826452
0.0817063
0.0807289
0.0797305
0.07873
0.077746
