0.0877336
0.0875299
0.0870421
0.0862957
0.0853294
0.0841936
0.0829478
0.0816577
0.0803923
0.0792206
0.0782086
0.0774158
0.0768929
0.0766792
0.0768011
0.0772707
0.0780851
0.079227
0.0806653
0.0823563
0.0842462
0.0862735
0.0883717
0.0904726
0.0925095
0.0944204
0.096151
0.0976575
0.0989083
0.0998866
0.10059
0.101034
0.101246
0.101269
0.101161
0.100987
0.10082
0.100738
0.100822
0.101145
0.10178
0.102787
0.104216
0.106103
0.108466
0.111309
0.114617
0.118361
0.122495
0.12696
0.131689
0.136606
0.141634
0.146696
0.151721
0.156646
0.161424
0.166021
0.170426
0.174646
0.178715
0.182687
0.18664
0.190672
0.194901
0.199459
0.204489
0.21014
0.216561
0.223897
0.232282
0.241832
0.252643
0.264782
0.278288
0.293164
0.309377
0.326857
0.345498
0.365156
0.385654
0.406788
0.428325
0.450017
0.471598
0.492801
0.513354
0.532998
0.551486
0.568592
0.584119
0.597901
0.609807
0.619748
0.627673
0.633574
0.637483
0.639469
0.639637
0.638121
0.635081
0.630697
0.62516
0.618667
0.611413
0.603589
0.595369
0.586909
0.578341
0.569769
0.561269
0.552883
0.544622
0.536468
0.528372
0.520263
0.512045
0.503609
0.494835
0.485597
0.475771
0.465241
0.453902
0.441668
0.428477
0.414291
0.399102
0.382932
0.365835
0.347892
0.329218
0.309949
0.290246
0.270287
0.250265
0.230378
0.210827
0.191809
0.173512
0.156111
0.139759
0.12459
0.110709
0.0981946
0.0870961
0.077433
0.0691965
0.0623507
0.0568355
0.0525696
0.0494546
0.0473793
0.0462238
0.0458648
0.0461797
0.0470512
0.0483707
0.0500424
0.0519849
0.0541343
0.0564444
0.0588871
0.0614523
0.0641461
0.066989
0.0700133
0.0732597
0.0767742
0.0806042
0.0847951
0.0893864
0.0944085
0.09988
0.105805
0.112172
0.118953
0.1261
0.133551
0.141227
0.149036
0.156874
0.164629
0.172183
0.17942
0.186223
0.192484
0.198104
0.203
0.207101
0.21036
0.212747
0.214256
0.214901
0.214718
0.213765
0.212116
0.209864
0.20711
0.20397
0.20056
0.197003
0.193416
0.189911
0.186591
0.183546
0.18085
0.17856
0.176714
0.175332
0.174413
0.173937
0.173868
0.174155
0.174732
0.175525
0.176455
0.177435
0.178384
0.17922
0.179872
0.180274
0.180377
0.180143
0.179548
0.178588
0.177271
0.175621
0.173678
0.171492
0.169124
0.166642
0.164119
0.161629
0.159246
0.157037
0.155064
0.153378
0.152021
0.151019
0.150385
0.150118
0.150203
0.150611
0.151301
0.152221
0.153312
0.15451
0.155745
0.15695
0.15806
0.159015
0.159764
0.160264
0.160488
0.160417
0.160051
0.159402
0.158494
0.157367
0.15607
0.154664
0.153215
0.151794
0.150474
0.149329
0.148426
0.147827
0.147584
0.147741
0.148324
0.149351
0.150819
0.152715
0.15501
0.157662
0.160615
0.163807
0.167165
0.170614
0.174076
0.177473
0.180733
0.183789
0.186585
0.189076
0.19123
0.193031
0.194477
0.195582
0.196376
0.196904
0.197223
0.197399
0.19751
0.197637
0.197865
0.198278
0.198955
0.19997
0.201388
0.203258
0.205618
0.208488
0.211872
0.215753
0.2201
0.22486
0.229967
0.235337
0.240877
0.24648
0.252035
0.257425
0.262534
0.267249
0.27146
0.27507
0.277992
0.280154
0.281501
0.281998
0.281627
0.280391
0.278314
0.27544
0.27183
0.267565
0.262738
0.257459
0.251844
0.246021
0.240121
0.234277
0.228621
0.223283
0.218383
0.214037
0.210346
0.207401
0.20528
0.204042
0.203734
0.204386
0.206011
0.208608
0.212158
0.216631
0.221982
0.228154
0.23508
0.242684
0.250882
0.259583
0.268692
0.278112
0.287743
0.297485
0.307238
0.316905
0.326392
0.33561
0.344473
0.352904
0.360831
0.368188
0.374921
0.380982
0.386332
0.390942
0.394793
0.397875
0.400188
0.401741
0.402554
0.402652
0.402073
0.400857
0.399055
0.39672
0.393911
0.390688
0.387112
0.383246
0.379149
0.374877
0.370483
0.366012
0.361503
0.356988
0.352488
0.348016
0.343577
0.339165
0.334766
0.330359
0.325915
0.321399
0.316775
0.312002
0.307039
0.301847
0.296391
0.290642
0.284576
0.278179
0.271448
0.264392
0.257028
0.249389
0.24152
0.233476
0.225323
0.217139
0.209007
0.201017
0.193264
0.185843
0.178847
0.172367
0.166487
0.16128
0.156812
0.153133
0.150278
0.148268
0.147105
0.146776
0.147249
0.148477
0.150396
0.15293
0.15599
0.159477
0.163285
0.167304
0.171422
0.175528
0.179514
0.183281
0.186737
0.189801
0.192407
0.194501
0.196045
0.197017
0.19741
0.197235
0.196513
0.195282
0.193589
0.191494
0.189062
0.186363
0.183473
0.180467
0.177418
0.174395
0.171465
0.168685
0.166103
0.16376
0.161686
0.159899
0.15841
0.157216
0.156309
0.15567
0.155273
0.155088
0.155079
0.155209
0.155437
0.155726
0.156039
0.15634
0.156601
0.156796
0.156905
0.156915
0.156817
0.156612
0.156302
0.155897
0.155411
0.154862
0.154271
0.15366
0.153053
0.152476
0.15195
0.151499
0.151142
0.150896
0.150775
0.15079
0.150947
0.15125
0.151698
0.152289
0.153014
0.153866
0.154833
0.155901
0.157056
0.158282
0.159565
0.160886
0.162232
0.163586
0.164935
0.166263
0.167559
0.168809
0.170004
0.171132
0.172186
0.173155
0.174033
0.174814
0.175491
0.17606
0.176517
0.176861
0.17709
0.177204
0.177206
0.177101
0.176895
0.176595
0.176212
0.17576
0.175253
0.174707
0.17414
0.173572
0.173024
0.172515
0.172067
0.171698
0.171428
0.171271
0.171242
0.171351
0.171605
0.172007
0.172555
0.173243
0.174063
0.175
0.176037
0.177154
0.178328
0.179535
0.180749
0.181946
0.183101
0.184193
0.185205
0.18612
0.18693
0.187629
0.188218
0.188705
0.189102
0.189428
0.189706
0.189965
0.190235
0.190553
0.190953
0.191471
0.192143
0.193002
0.194075
0.195387
0.196955
0.19879
0.200895
0.203265
0.205888
0.208742
0.211799
0.215024
0.218376
0.22181
0.225279
0.228731
0.23212
0.235396
0.238519
0.241449
0.244158
0.246622
0.24883
0.250779
0.252478
0.253946
0.255212
0.256316
0.257307
0.258239
0.259175
0.260178
0.261317
0.262657
0.264263
0.266194
0.268501
0.271228
0.274406
0.278055
0.282184
0.286783
0.291831
0.297293
0.303119
0.309247
0.315603
0.322104
0.328659
0.335171
0.341541
0.347669
0.353455
0.358806
0.363635
0.367863
0.371421
0.374253
0.376319
0.377587
0.378046
0.377696
0.376552
0.374642
0.372007
0.368699
0.364778
0.360312
0.355376
0.350045
0.344397
0.338511
0.33246
0.326315
0.32014
0.313993
0.307925
0.301976
0.29618
0.29056
0.285133
0.279907
0.274882
0.270054
0.265412
0.260942
0.256628
0.252451
0.248393
0.244435
0.240562
0.236759
0.233014
0.22932
0.225672
0.222067
0.218508
0.214998
0.211544
0.208152
0.204832
0.201592
0.198441
0.195385
0.192429
0.189577
0.186828
0.184182
0.181632
0.179171
0.176789
0.174474
0.172212
0.169989
0.16779
0.1656
0.163408
0.161201
0.158972
0.156714
0.154425
0.152108
0.149766
0.14741
0.145052
0.142707
0.140394
0.138133
0.135947
0.133856
0.131883
0.130047
0.128368
0.126861
0.125537
0.124405
0.123466
0.122721
0.122162
0.121777
0.121552
0.121467
0.121498
0.12162
0.121805
0.122025
0.122251
0.122455
0.122613
0.122701
0.1227
0.122596
0.122378
0.12204
0.121583
0.121011
0.120333
0.119565
0.118723
0.117828
0.116904
0.115974
0.115065
0.114199
0.113401
0.112691
0.112086
0.111602
0.111248
0.111029
0.110947
0.110998
0.111175
0.111466
0.111856
0.112327
0.112859
0.113432
0.114024
0.114615
0.115186
0.115719
0.116202
0.116623
0.116975
0.117257
0.117469
0.117617
0.117711
0.117765
0.117794
0.117817
0.117854
0.117926
0.118054
0.118257
0.118554
0.118962
0.119494
0.120158
0.120962
0.121908
0.122992
0.124211
0.125553
0.127007
0.128558
0.130187
0.131878
0.133611
0.135367
0.13713
0.138883
0.140614
0.142313
0.143974
0.145594
0.147175
0.148722
0.150244
0.151754
0.153269
0.154806
0.156385
0.158028
0.159757
0.161592
0.163553
0.165659
0.167925
0.170364
0.172984
0.175792
0.178789
0.181972
0.185337
0.188873
0.192571
0.196414
0.200389
0.204478
0.208664
0.212931
0.217263
0.221647
0.226071
0.230526
0.235006
0.239507
0.244029
0.248574
0.253148
0.257756
0.262407
0.267111
0.271875
0.276708
0.281619
0.286611
0.291688
0.296849
0.302089
0.3074
0.312769
0.318181
0.323613
0.329043
0.334443
0.339782
0.345027
0.350147
0.355106
0.359872
0.364413
0.368698
0.3727
0.376396
0.379765
0.382793
0.385469
0.387785
0.389739
0.391335
0.392576
0.393473
0.394036
0.394277
0.394212
0.393853
0.393213
0.392305
0.391138
0.38972
0.388054
0.386144
0.383987
0.381579
0.378916
0.375987
0.372786
0.369301
0.365526
0.361453
0.357079
0.352403
0.347431
0.342171
0.336641
0.330862
0.324866
0.318689
0.312373
0.305969
0.299532
0.293122
0.2868
0.280633
0.274685
0.269021
0.2637
0.25878
0.25431
0.250333
0.246881
0.243977
0.241632
0.239846
0.238605
0.237884
0.237647
0.237845
0.238421
0.239308
0.240432
0.241714
0.243072
0.244422
0.245683
0.246774
0.247622
0.24816
0.248328
0.248079
0.247375
0.246193
0.244519
0.242353
0.23971
0.236613
0.233098
0.22921
0.225002
0.220535
0.215873
0.211082
0.20623
0.201384
0.196607
0.191958
0.187488
0.183243
0.179258
0.175561
0.17217
0.169092
0.166327
0.163866
0.16169
0.159776
0.158095
0.156613
0.155294
0.154102
0.152998
0.15195
0.150924
0.149893
0.148835
0.147733
0.146574
0.145355
0.144076
0.142745
0.141373
0.139977
0.138575
0.137192
0.135848
0.134569
0.133375
0.132288
0.131325
0.130499
0.129818
0.129288
0.128907
0.12867
0.128565
0.128578
0.128689
0.128879
0.129121
0.129394
0.129671
0.12993
0.130149
0.130312
0.130403
0.130414
0.13034
0.130183
0.129948
0.129647
0.129298
0.12892
0.128538
0.128179
0.127872
0.127644
0.127524
0.127538
0.12771
0.128059
0.128599
0.129339
0.130283
0.131428
0.132765
0.134278
